pwm: 736.610 1.000
pwm: 852.710 0.000
pwm: 1266.410 1.000
pwm: 1266.710 0.000
736.310 35.750
736.610 35.250
736.910 35.750
737.210 35.500
737.510 35.500
737.810 35.750
738.110 35.750
738.410 35.750
738.710 35.750
739.010 35.500
739.310 35.000
739.610 35.000
739.910 35.500
740.210 35.500
740.510 36.000
740.810 35.250
741.110 35.750
741.410 35.250
741.710 35.750
742.010 35.000
742.310 35.750
742.610 35.750
742.910 35.500
743.210 35.500
743.510 35.500
743.810 35.750
744.110 35.750
744.410 35.500
744.710 36.000
745.010 35.750
745.310 36.250
745.610 36.250
745.910 36.250
746.210 36.500
746.510 36.500
746.810 36.500
747.110 37.000
747.410 36.500
747.710 36.750
748.010 37.000
748.310 37.250
748.610 37.500
748.910 37.500
749.210 37.500
749.510 38.250
749.810 38.000
750.110 38.250
750.410 38.500
750.710 38.250
751.010 39.000
751.310 39.250
751.610 39.750
751.910 39.750
752.210 40.000
752.510 40.500
752.810 40.500
753.110 40.750
753.410 41.000
753.710 41.250
754.010 41.500
754.310 41.750
754.610 42.250
754.910 42.500
755.210 42.500
755.510 43.000
755.810 43.250
756.110 43.750
756.410 43.500
756.710 44.250
757.010 44.750
757.310 45.000
757.610 45.750
757.910 45.750
758.210 46.250
758.510 46.750
758.810 47.000
759.110 47.250
759.410 47.500
759.710 48.250
760.010 48.750
760.310 49.000
760.610 49.250
760.910 49.500
761.210 50.250
761.510 50.500
761.810 50.750
762.110 51.500
762.410 51.750
762.710 52.500
763.010 52.750
763.310 53.500
763.610 53.500
763.910 54.250
764.210 54.500
764.510 54.250
764.810 55.250
765.110 56.250
765.410 56.250
765.710 56.500
766.010 57.000
766.310 57.750
766.610 58.750
766.910 58.750
767.210 59.250
767.510 59.750
767.810 60.000
768.110 60.750
768.410 61.000
768.710 61.500
769.010 61.750
769.310 62.750
769.610 63.000
769.910 63.500
770.210 64.250
770.510 64.500
770.810 64.750
771.110 65.500
771.410 66.000
771.710 66.750
772.010 67.250
772.310 67.750
772.610 68.000
772.910 69.000
773.210 69.500
773.510 70.000
773.810 70.750
774.110 70.500
774.410 71.500
774.710 72.250
775.010 72.500
775.310 73.000
775.610 73.250
775.910 73.750
776.210 74.500
776.510 74.750
776.810 75.750
777.110 76.250
777.410 77.000
777.710 77.250
778.010 78.000
778.310 78.250
778.610 79.250
778.910 79.500
779.210 80.250
779.510 80.500
779.810 81.250
780.110 82.000
780.410 82.250
780.710 83.000
781.010 83.500
781.310 83.750
781.610 84.250
781.910 85.500
782.210 85.250
782.510 85.750
782.810 86.750
783.110 87.250
783.410 87.750
783.710 88.000
784.010 89.000
784.310 89.750
784.610 90.500
784.910 90.750
785.210 91.250
785.510 92.000
785.810 92.500
786.110 93.000
786.410 94.000
786.710 94.000
787.010 95.250
787.310 95.500
787.610 95.750
787.910 96.750
788.210 97.250
788.510 97.750
788.810 98.500
789.110 98.250
789.410 99.250
789.710 100.000
790.010 100.750
790.310 101.250
790.610 101.750
790.910 102.250
791.210 102.500
791.510 103.250
791.810 104.250
792.110 105.000
792.410 105.000
792.710 106.000
793.010 106.500
793.310 107.000
793.610 107.500
793.910 108.000
794.210 108.000
794.510 109.000
794.810 109.750
795.110 110.250
795.410 111.000
795.710 111.750
796.010 112.250
796.310 112.500
796.610 112.750
796.910 113.750
797.210 114.250
797.510 114.500
797.810 115.500
798.110 115.500
798.410 116.500
798.710 117.000
799.010 117.750
799.310 118.000
799.610 118.250
799.910 119.250
800.210 119.750
800.510 120.500
800.810 120.500
801.110 121.500
801.410 122.000
801.710 122.500
802.010 123.000
802.310 123.750
802.610 123.750
802.910 124.750
803.210 125.250
803.510 126.000
803.810 126.250
804.110 127.000
804.410 127.500
804.710 127.500
805.010 128.500
805.310 129.250
805.610 129.000
805.910 130.000
806.210 130.750
806.510 131.000
806.810 131.750
807.110 132.000
807.410 132.250
807.710 133.000
808.010 133.750
808.310 134.000
808.610 135.000
808.910 135.500
809.210 135.750
809.510 136.500
809.810 136.500
810.110 137.000
810.410 137.750
810.710 138.500
811.010 138.750
811.310 139.250
811.610 139.750
811.910 140.000
812.210 140.500
812.510 141.500
812.810 142.000
813.110 142.500
813.410 142.500
813.710 143.500
814.010 144.000
814.310 144.500
814.610 144.750
814.910 145.000
815.210 146.000
815.510 146.500
815.810 147.000
816.110 147.500
816.410 147.750
816.710 148.000
817.010 149.000
817.310 148.750
817.610 150.000
817.910 150.750
818.210 150.750
818.510 151.500
818.810 151.750
819.110 152.250
819.410 152.750
819.710 153.750
820.010 154.000
820.310 154.250
820.610 154.750
820.910 155.000
821.210 155.750
821.510 156.250
821.810 156.750
822.110 156.750
822.410 157.250
822.710 157.750
823.010 158.500
823.310 158.750
823.610 159.500
823.910 159.500
824.210 160.500
824.510 160.250
824.810 161.500
825.110 162.000
825.410 162.500
825.710 162.750
826.010 163.250
826.310 164.000
826.610 164.250
826.910 164.750
827.210 165.250
827.510 165.250
827.810 166.000
828.110 166.500
828.410 166.750
828.710 167.250
829.010 168.000
829.310 168.500
829.610 168.750
829.910 169.000
830.210 169.750
830.510 170.250
830.810 170.750
831.110 171.000
831.410 171.750
831.710 171.750
832.010 172.500
832.310 172.500
832.610 172.750
832.910 173.750
833.210 173.500
833.510 174.500
833.810 175.250
834.110 175.000
834.410 175.750
834.710 176.000
835.010 176.750
835.310 177.000
835.610 177.250
835.910 177.750
836.210 178.250
836.510 178.750
836.810 179.500
837.110 179.750
837.410 179.500
837.710 180.750
838.010 181.000
838.310 181.500
838.610 182.000
838.910 182.250
839.210 182.750
839.510 183.250
839.810 183.500
840.110 183.250
840.410 184.250
840.710 184.750
841.010 184.750
841.310 185.750
841.610 186.000
841.910 186.250
842.210 186.500
842.510 187.000
842.810 187.250
843.110 188.000
843.410 188.250
843.710 188.250
844.010 189.000
844.310 189.250
844.610 189.750
844.910 189.750
845.210 190.500
845.510 191.000
845.810 191.500
846.110 191.500
846.410 192.250
846.710 192.250
847.010 193.000
847.310 193.250
847.610 193.500
847.910 194.250
848.210 194.500
848.510 195.000
848.810 195.000
849.110 195.750
849.410 195.750
849.710 196.500
850.010 196.750
850.310 196.750
850.610 197.750
850.910 198.000
851.210 198.500
851.510 199.000
851.810 199.250
852.110 199.500
852.410 200.250
852.710 199.750
853.010 200.500
853.310 201.000
853.610 201.000
853.910 201.500
854.210 202.250
854.510 202.750
854.810 203.250
855.110 203.250
855.410 204.000
855.710 204.250
856.010 204.750
856.310 204.750
856.610 205.000
856.910 205.500
857.210 206.000
857.510 206.500
857.810 206.500
858.110 206.500
858.410 207.500
858.710 207.750
859.010 208.000
859.310 207.750
859.610 207.750
859.910 208.750
860.210 208.750
860.510 209.500
860.810 209.500
861.110 209.750
861.410 209.500
861.710 210.250
862.010 210.500
862.310 210.500
862.610 211.000
862.910 211.250
863.210 211.500
863.510 211.000
863.810 211.750
864.110 212.250
864.410 212.000
864.710 211.500
865.010 212.500
865.310 212.750
865.610 212.750
865.910 212.250
866.210 213.000
866.510 212.500
866.810 212.750
867.110 213.500
867.410 213.000
867.710 213.500
868.010 213.250
868.310 213.500
868.610 213.750
868.910 213.500
869.210 213.750
869.510 213.750
869.810 213.500
870.110 213.500
870.410 213.500
870.710 213.750
871.010 213.500
871.310 213.000
871.610 213.500
871.910 213.750
872.210 213.500
872.510 213.500
872.810 213.500
873.110 213.500
873.410 213.000
873.710 213.500
874.010 213.000
874.310 213.250
874.610 213.000
874.910 212.500
875.210 213.000
875.510 213.000
875.810 212.250
876.110 212.250
876.410 212.250
876.710 211.750
877.010 211.750
877.310 211.750
877.610 211.750
877.910 211.750
878.210 211.750
878.510 211.500
878.810 211.000
879.110 210.750
879.410 210.250
879.710 210.500
880.010 210.000
880.310 210.250
880.610 210.250
880.910 210.000
881.210 209.500
881.510 209.500
881.810 209.250
882.110 209.000
882.410 209.000
882.710 208.750
883.010 208.500
883.310 208.000
883.610 208.250
883.910 208.000
884.210 207.750
884.510 207.000
884.810 207.250
885.110 207.000
885.410 206.500
885.710 206.500
886.010 206.250
886.310 205.750
886.610 205.750
886.910 205.000
887.210 205.250
887.510 205.000
887.810 204.500
888.110 204.250
888.410 204.000
888.710 203.750
889.010 203.500
889.310 203.500
889.610 203.250
889.910 202.750
890.210 202.500
890.510 202.000
890.810 201.750
891.110 201.750
891.410 201.500
891.710 201.250
892.010 201.000
892.310 200.750
892.610 200.000
892.910 200.000
893.210 199.750
893.510 199.250
893.810 199.000
894.110 198.500
894.410 198.250
894.710 198.250
895.010 197.500
895.310 197.250
895.610 197.250
895.910 196.750
896.210 196.500
896.510 196.000
896.810 196.000
897.110 196.000
897.410 195.500
897.710 195.250
898.010 194.750
898.310 194.750
898.610 194.500
898.910 193.750
899.210 193.250
899.510 193.500
899.810 192.750
900.110 192.750
900.410 192.250
900.710 191.500
901.010 191.500
901.310 191.250
901.610 191.250
901.910 191.000
902.210 190.000
902.510 190.500
902.810 190.000
903.110 189.500
903.410 189.000
903.710 189.250
904.010 189.000
904.310 188.750
904.610 187.750
904.910 187.750
905.210 187.750
905.510 187.250
905.810 187.250
906.110 186.500
906.410 186.250
906.710 186.250
907.010 185.750
907.310 185.750
907.610 185.000
907.910 185.000
908.210 184.500
908.510 184.500
908.810 183.750
909.110 183.500
909.410 183.500
909.710 183.000
910.010 182.750
910.310 182.500
910.610 181.750
910.910 181.750
911.210 181.500
911.510 181.000
911.810 180.750
912.110 179.500
912.410 180.250
912.710 179.500
913.010 179.500
913.310 179.250
913.610 179.000
913.910 178.250
914.210 178.250
914.510 177.750
914.810 177.500
915.110 177.750
915.410 177.000
915.710 176.750
916.010 176.750
916.310 176.250
916.610 175.750
916.910 175.500
917.210 174.750
917.510 174.500
917.810 174.250
918.110 174.250
918.410 173.750
918.710 173.750
919.010 173.000
919.310 173.000
919.610 172.500
919.910 172.250
920.210 172.250
920.510 172.250
920.810 171.750
921.110 171.500
921.410 170.750
921.710 170.250
922.010 170.000
922.310 170.000
922.610 170.000
922.910 169.500
923.210 169.250
923.510 168.750
923.810 168.500
924.110 168.250
924.410 167.750
924.710 167.500
925.010 167.000
925.310 166.750
925.610 166.750
925.910 166.500
926.210 166.000
926.510 166.000
926.810 165.750
927.110 165.250
927.410 165.000
927.710 164.500
928.010 164.250
928.310 164.000
928.610 163.750
928.910 163.750
929.210 163.250
929.510 162.750
929.810 162.500
930.110 162.500
930.410 162.000
930.710 161.750
931.010 161.500
931.310 160.500
931.610 160.750
931.910 160.250
932.210 160.250
932.510 159.500
932.810 160.000
933.110 159.250
933.410 159.250
933.710 159.000
934.010 158.250
934.310 158.500
934.610 157.500
934.910 157.750
935.210 157.000
935.510 157.250
935.810 157.000
936.110 156.000
936.410 156.500
936.710 155.750
937.010 155.500
937.310 155.250
937.610 155.250
937.910 155.000
938.210 154.750
938.510 154.250
938.810 154.250
939.110 153.500
939.410 153.500
939.710 153.250
940.010 153.250
940.310 152.500
940.610 152.250
940.910 152.250
941.210 151.500
941.510 152.000
941.810 151.000
942.110 151.250
942.410 150.500
942.710 150.500
943.010 149.750
943.310 150.000
943.610 149.750
943.910 149.500
944.210 149.000
944.510 148.500
944.810 148.250
945.110 148.500
945.410 148.250
945.710 148.000
946.010 147.750
946.310 147.250
946.610 147.000
946.910 146.500
947.210 146.750
947.510 146.500
947.810 146.250
948.110 146.000
948.410 145.500
948.710 145.250
949.010 145.000
949.310 144.750
949.610 144.750
949.910 144.000
950.210 143.750
950.510 144.000
950.810 143.500
951.110 143.500
951.410 142.750
951.710 143.000
952.010 142.250
952.310 142.250
952.610 142.250
952.910 141.750
953.210 141.500
953.510 141.500
953.810 141.000
954.110 140.750
954.410 140.750
954.710 140.500
955.010 139.750
955.310 139.250
955.610 140.000
955.910 139.250
956.210 139.250
956.510 139.250
956.810 138.750
957.110 138.250
957.410 138.250
957.710 138.000
958.010 137.250
958.310 137.500
958.610 137.500
958.910 136.750
959.210 137.000
959.510 136.000
959.810 136.000
960.110 135.750
960.410 136.000
960.710 135.250
961.010 135.500
961.310 135.250
961.610 134.750
961.910 134.500
962.210 133.750
962.510 134.000
962.810 133.750
963.110 133.750
963.410 133.000
963.710 133.000
964.010 133.000
964.310 132.500
964.610 132.000
964.910 132.000
965.210 132.250
965.510 132.000
965.810 131.250
966.110 131.500
966.410 131.000
966.710 130.500
967.010 130.250
967.310 130.000
967.610 130.500
967.910 130.000
968.210 130.000
968.510 129.500
968.810 129.250
969.110 129.250
969.410 128.750
969.710 128.250
970.010 128.250
970.310 128.500
970.610 127.750
970.910 127.750
971.210 127.250
971.510 127.250
971.810 127.250
972.110 127.000
972.410 126.000
972.710 126.500
973.010 126.500
973.310 126.250
973.610 126.000
973.910 125.750
974.210 125.250
974.510 125.250
974.810 125.250
975.110 124.750
975.410 124.500
975.710 124.500
976.010 124.250
976.310 124.000
976.610 124.000
976.910 123.500
977.210 123.500
977.510 122.750
977.810 123.250
978.110 123.000
978.410 122.750
978.710 122.250
979.010 122.250
979.310 122.000
979.610 121.750
979.910 121.500
980.210 121.250
980.510 120.750
980.810 120.750
981.110 121.000
981.410 120.000
981.710 120.500
982.010 120.250
982.310 120.000
982.610 119.750
982.910 119.250
983.210 118.750
983.510 119.250
983.810 119.000
984.110 118.750
984.410 118.750
984.710 118.500
985.010 118.250
985.310 118.250
985.610 117.500
985.910 117.500
986.210 117.000
986.510 117.250
986.810 117.000
987.110 117.250
987.410 116.250
987.710 116.000
988.010 116.250
988.310 116.250
988.610 115.500
988.910 115.500
989.210 115.500
989.510 115.250
989.810 115.250
990.110 115.000
990.410 114.750
990.710 114.000
991.010 114.250
991.310 113.750
991.610 114.000
991.910 113.250
992.210 113.750
992.510 113.250
992.810 113.000
993.110 113.000
993.410 112.750
993.710 112.750
994.010 112.750
994.310 112.750
994.610 112.250
994.910 112.000
995.210 111.500
995.510 111.250
995.810 111.500
996.110 110.750
996.410 111.000
996.710 111.000
997.010 110.750
997.310 110.500
997.610 110.250
997.910 110.250
998.210 110.250
998.510 110.000
998.810 109.500
999.110 109.750
999.410 109.000
999.710 109.250
1000.010 109.000
1000.310 108.000
1000.610 108.750
1000.910 108.500
1001.210 108.250
1001.510 107.750
1001.810 108.000
1002.110 107.750
1002.410 107.500
1002.710 107.500
1003.010 107.250
1003.310 106.750
1003.610 107.000
1003.910 106.750
1004.210 106.500
1004.510 106.500
1004.810 106.000
1005.110 106.250
1005.410 105.750
1005.710 105.750
1006.010 105.250
1006.310 105.500
1006.610 105.000
1006.910 104.750
1007.210 104.750
1007.510 104.500
1007.810 104.750
1008.110 104.750
1008.410 104.250
1008.710 104.250
1009.010 103.250
1009.310 104.000
1009.610 103.500
1009.910 103.500
1010.210 102.500
1010.510 103.000
1010.810 103.000
1011.110 102.500
1011.410 102.500
1011.710 102.500
1012.010 101.500
1012.310 101.500
1012.610 102.000
1012.910 101.750
1013.210 101.750
1013.510 101.500
1013.810 101.250
1014.110 101.250
1014.410 101.000
1014.710 101.000
1015.010 100.750
1015.310 101.250
1015.610 100.250
1015.910 100.250
1016.210 100.250
1016.510 99.750
1016.810 99.250
1017.110 99.500
1017.410 100.000
1017.710 99.000
1018.010 99.500
1018.310 98.750
1018.610 98.750
1018.910 99.000
1019.210 99.000
1019.510 98.500
1019.810 98.500
1020.110 98.500
1020.410 98.250
1020.710 98.000
1021.010 98.500
1021.310 97.500
1021.610 97.500
1021.910 97.250
1022.210 97.250
1022.510 97.250
1022.810 97.000
1023.110 96.500
1023.410 96.000
1023.710 96.250
1024.010 96.500
1024.310 96.000
1024.610 96.000
1024.910 95.750
1025.210 95.250
1025.510 95.750
1025.810 95.250
1026.110 95.250
1026.410 95.500
1026.710 95.500
1027.010 95.000
1027.310 94.750
1027.610 94.500
1027.910 94.500
1028.210 94.500
1028.510 93.750
1028.810 93.750
1029.110 94.000
1029.410 93.750
1029.710 93.250
1030.010 93.250
1030.310 93.500
1030.610 93.000
1030.910 93.000
1031.210 92.750
1031.510 92.750
1031.810 92.750
1032.110 92.500
1032.410 92.250
1032.710 92.750
1033.010 92.000
1033.310 91.250
1033.610 92.250
1033.910 91.500
1034.210 91.750
1034.510 91.000
1034.810 91.250
1035.110 91.500
1035.410 91.250
1035.710 91.250
1036.010 90.250
1036.310 90.250
1036.610 91.000
1036.910 90.250
1037.210 90.250
1037.510 90.250
1037.810 90.000
1038.110 89.500
1038.410 89.750
1038.710 89.000
1039.010 89.750
1039.310 89.250
1039.610 88.750
1039.910 89.500
1040.210 89.250
1040.510 88.750
1040.810 88.750
1041.110 88.250
1041.410 88.250
1041.710 88.500
1042.010 88.250
1042.310 87.500
1042.610 87.500
1042.910 88.000
1043.210 87.500
1043.510 87.500
1043.810 87.500
1044.110 86.750
1044.410 87.250
1044.710 87.250
1045.010 87.250
1045.310 86.250
1045.610 86.500
1045.910 86.250
1046.210 86.750
1046.510 86.250
1046.810 85.750
1047.110 85.500
1047.410 86.000
1047.710 85.500
1048.010 85.750
1048.310 85.500
1048.610 85.500
1048.910 85.000
1049.210 85.500
1049.510 85.250
1049.810 85.000
1050.110 84.750
1050.410 85.000
1050.710 84.500
1051.010 84.000
1051.310 84.250
1051.610 84.500
1051.910 84.250
1052.210 84.000
1052.510 83.250
1052.810 83.500
1053.110 83.750
1053.410 83.250
1053.710 83.000
1054.010 82.750
1054.310 83.500
1054.610 83.000
1054.910 83.000
1055.210 82.750
1055.510 82.500
1055.810 82.500
1056.110 82.250
1056.410 82.750
1056.710 82.000
1057.010 82.000
1057.310 81.500
1057.610 81.750
1057.910 82.000
1058.210 81.500
1058.510 81.250
1058.810 81.500
1059.110 81.250
1059.410 81.000
1059.710 81.250
1060.010 81.000
1060.310 81.000
1060.610 80.250
1060.910 80.750
1061.210 80.500
1061.510 80.000
1061.810 80.250
1062.110 80.250
1062.410 80.000
1062.710 80.000
1063.010 79.500
1063.310 79.750
1063.610 79.750
1063.910 79.250
1064.210 79.000
1064.510 79.250
1064.810 79.250
1065.110 79.250
1065.410 78.500
1065.710 79.000
1066.010 78.000
1066.310 78.500
1066.610 78.750
1066.910 78.250
1067.210 78.250
1067.510 78.000
1067.810 78.000
1068.110 78.000
1068.410 77.750
1068.710 77.500
1069.010 78.000
1069.310 78.000
1069.610 77.250
1069.910 77.500
1070.210 77.250
1070.510 77.000
1070.810 77.250
1071.110 77.000
1071.410 76.250
1071.710 76.750
1072.010 76.750
1072.310 76.000
1072.610 76.500
1072.910 76.250
1073.210 76.500
1073.510 75.750
1073.810 76.250
1074.110 75.750
1074.410 75.750
1074.710 75.750
1075.010 75.500
1075.310 75.500
1075.610 75.250
1075.910 75.250
1076.210 75.250
1076.510 75.250
1076.810 75.000
1077.110 75.000
1077.410 74.250
1077.710 74.750
1078.010 73.750
1078.310 74.250
1078.610 75.000
1078.910 74.250
1079.210 74.000
1079.510 74.000
1079.810 73.500
1080.110 73.750
1080.410 73.500
1080.710 73.500
1081.010 73.000
1081.310 73.750
1081.610 73.500
1081.910 72.750
1082.210 73.250
1082.510 73.250
1082.810 72.750
1083.110 73.000
1083.410 72.500
1083.710 73.000
1084.010 72.250
1084.310 72.750
1084.610 72.500
1084.910 71.750
1085.210 72.750
1085.510 72.500
1085.810 72.500
1086.110 71.500
1086.410 71.500
1086.710 72.250
1087.010 71.500
1087.310 71.500
1087.610 71.500
1087.910 71.500
1088.210 71.000
1088.510 71.500
1088.810 71.500
1089.110 71.000
1089.410 71.000
1089.710 70.750
1090.010 70.500
1090.310 70.500
1090.610 70.750
1090.910 70.500
1091.210 70.250
1091.510 71.000
1091.810 70.000
1092.110 70.250
1092.410 70.000
1092.710 70.000
1093.010 69.750
1093.310 69.750
1093.610 69.750
1093.910 69.500
1094.210 69.250
1094.510 69.000
1094.810 69.000
1095.110 69.500
1095.410 69.250
1095.710 69.250
1096.010 69.250
1096.310 69.000
1096.610 68.750
1096.910 69.000
1097.210 68.250
1097.510 68.500
1097.810 68.500
1098.110 68.000
1098.410 68.500
1098.710 68.250
1099.010 68.250
1099.310 68.000
1099.610 68.000
1099.910 68.000
1100.210 68.000
1100.510 67.250
1100.810 67.500
1101.110 67.500
1101.410 67.250
1101.710 67.250
1102.010 66.500
1102.310 67.500
1102.610 67.000
1102.910 67.250
1103.210 66.750
1103.510 67.250
1103.810 66.750
1104.110 67.000
1104.410 66.250
1104.710 67.000
1105.010 66.750
1105.310 66.000
1105.610 66.000
1105.910 66.000
1106.210 66.250
1106.510 65.500
1106.810 66.000
1107.110 65.750
1107.410 66.000
1107.710 65.250
1108.010 66.000
1108.310 65.750
1108.610 65.750
1108.910 65.500
1109.210 65.750
1109.510 65.000
1109.810 65.000
1110.110 65.000
1110.410 65.000
1110.710 64.750
1111.010 65.000
1111.310 64.500
1111.610 65.000
1111.910 64.500
1112.210 64.750
1112.510 65.000
1112.810 64.750
1113.110 64.250
1113.410 64.000
1113.710 64.500
1114.010 64.000
1114.310 64.250
1114.610 64.250
1114.910 64.000
1115.210 64.250
1115.510 63.750
1115.810 63.500
1116.110 63.250
1116.410 63.000
1116.710 63.500
1117.010 63.250
1117.310 63.250
1117.610 62.750
1117.910 62.750
1118.210 63.000
1118.510 63.500
1118.810 63.000
1119.110 63.500
1119.410 62.750
1119.710 62.500
1120.010 62.750
1120.310 62.500
1120.610 62.000
1120.910 62.750
1121.210 62.250
1121.510 62.250
1121.810 61.500
1122.110 61.750
1122.410 62.250
1122.710 62.250
1123.010 61.250
1123.310 62.000
1123.610 61.750
1123.910 61.750
1124.210 62.000
1124.510 61.750
1124.810 61.250
1125.110 61.500
1125.410 61.500
1125.710 61.500
1126.010 61.250
1126.310 61.500
1126.610 61.000
1126.910 60.750
1127.210 61.000
1127.510 60.500
1127.810 61.000
1128.110 60.500
1128.410 60.750
1128.710 60.500
1129.010 60.500
1129.310 60.500
1129.610 60.500
1129.910 60.000
1130.210 60.000
1130.510 60.500
1130.810 60.750
1131.110 60.250
1131.410 60.250
1131.710 60.000
1132.010 60.000
1132.310 60.000
1132.610 59.750
1132.910 59.500
1133.210 59.750
1133.510 58.750
1133.810 59.000
1134.110 59.750
1134.410 59.250
1134.710 59.500
1135.010 59.250
1135.310 59.000
1135.610 58.750
1135.910 59.000
1136.210 59.000
1136.510 59.250
1136.810 58.500
1137.110 58.500
1137.410 58.750
1137.710 58.750
1138.010 58.500
1138.310 58.750
1138.610 58.250
1138.910 58.500
1139.210 58.250
1139.510 58.000
1139.810 57.500
1140.110 57.500
1140.410 58.250
1140.710 58.000
1141.010 58.000
1141.310 58.000
1141.610 57.750
1141.910 57.750
1142.210 57.750
1142.510 57.250
1142.810 57.500
1143.110 57.250
1143.410 57.500
1143.710 57.000
1144.010 57.000
1144.310 57.250
1144.610 57.250
1144.910 57.500
1145.210 57.250
1145.510 57.000
1145.810 56.750
1146.110 57.000
1146.410 57.000
1146.710 56.750
1147.010 56.750
1147.310 56.750
1147.610 56.250
1147.910 56.500
1148.210 55.750
1148.510 56.500
1148.810 56.750
1149.110 56.500
1149.410 56.500
1149.710 56.000
1150.010 56.000
1150.310 56.000
1150.610 56.000
1150.910 55.500
1151.210 56.000
1151.510 55.750
1151.810 55.250
1152.110 55.750
1152.410 55.500
1152.710 55.500
1153.010 55.750
1153.310 55.500
1153.610 55.250
1153.910 55.000
1154.210 55.750
1154.510 55.000
1154.810 55.250
1155.110 55.000
1155.410 54.500
1155.710 55.250
1156.010 54.750
1156.310 55.000
1156.610 55.000
1156.910 55.250
1157.210 54.500
1157.510 54.750
1157.810 54.500
1158.110 54.750
1158.410 54.000
1158.710 54.750
1159.010 54.250
1159.310 54.250
1159.610 54.250
1159.910 54.000
1160.210 54.250
1160.510 53.750
1160.810 54.000
1161.110 53.750
1161.410 54.250
1161.710 53.750
1162.010 53.500
1162.310 53.500
1162.610 53.750
1162.910 54.000
1163.210 53.500
1163.510 53.750
1163.810 53.500
1164.110 53.000
1164.410 53.500
1164.710 52.750
1165.010 53.250
1165.310 53.250
1165.610 52.500
1165.910 52.750
1166.210 53.000
1166.510 52.750
1166.810 52.500
1167.110 52.500
1167.410 53.000
1167.710 52.750
1168.010 53.000
1168.310 52.250
1168.610 52.750
1168.910 52.500
1169.210 52.250
1169.510 52.500
1169.810 52.500
1170.110 52.500
1170.410 52.500
1170.710 51.500
1171.010 51.750
1171.310 52.250
1171.610 52.250
1171.910 52.250
1172.210 51.750
1172.510 51.500
1172.810 52.000
1173.110 51.500
1173.410 51.750
1173.710 52.000
1174.010 51.750
1174.310 51.500
1174.610 51.750
1174.910 51.750
1175.210 51.500
1175.510 51.750
1175.810 51.500
1176.110 51.000
1176.410 51.250
1176.710 50.750
1177.010 50.500
1177.310 51.250
1177.610 50.750
1177.910 50.500
1178.210 51.500
1178.510 51.250
1178.810 51.000
1179.110 50.750
1179.410 50.500
1179.710 50.750
1180.010 50.750
1180.310 50.250
1180.610 50.250
1180.910 50.500
1181.210 50.750
1181.510 50.500
1181.810 50.500
1182.110 50.000
1182.410 50.250
1182.710 50.250
1183.010 50.250
1183.310 49.500
1183.610 50.000
1183.910 50.250
1184.210 50.000
1184.510 50.000
1184.810 50.000
1185.110 49.250
1185.410 49.500
1185.710 50.250
1186.010 49.750
1186.310 49.500
1186.610 49.500
1186.910 49.250
1187.210 49.750
1187.510 49.250
1187.810 49.500
1188.110 49.250
1188.410 49.000
1188.710 49.500
1189.010 49.000
1189.310 48.750
1189.610 49.750
1189.910 48.750
1190.210 48.750
1190.510 48.750
1190.810 48.750
1191.110 48.500
1191.410 49.000
1191.710 49.000
1192.010 49.000
1192.310 49.000
1192.610 48.750
1192.910 48.750
1193.210 48.500
1193.510 48.750
1193.810 48.250
1194.110 48.750
1194.410 48.000
1194.710 47.750
1195.010 48.250
1195.310 48.250
1195.610 48.500
1195.910 48.250
1196.210 48.250
1196.510 48.000
1196.810 48.500
1197.110 48.250
1197.410 47.250
1197.710 48.250
1198.010 48.000
1198.310 47.750
1198.610 48.250
1198.910 47.500
1199.210 47.250
1199.510 47.500
1199.810 47.500
1200.110 47.250
1200.410 47.750
1200.710 47.500
1201.010 47.250
1201.310 47.500
1201.610 47.500
1201.910 47.750
1202.210 47.000
1202.510 47.750
1202.810 46.750
1203.110 47.000
1203.410 47.250
1203.710 47.250
1204.010 47.250
1204.310 47.000
1204.610 47.000
1204.910 46.750
1205.210 47.000
1205.510 47.250
1205.810 47.000
1206.110 46.750
1206.410 47.000
1206.710 46.750
1207.010 46.750
1207.310 46.500
1207.610 46.750
1207.910 46.250
1208.210 46.500
1208.510 46.000
1208.810 46.750
1209.110 46.500
1209.410 46.000
1209.710 46.000
1210.010 46.250
1210.310 45.500
1210.610 46.250
1210.910 46.500
1211.210 46.000
1211.510 46.250
1211.810 46.250
1212.110 46.000
1212.410 46.250
1212.710 46.000
1213.010 46.250
1213.310 46.000
1213.610 45.250
1213.910 46.000
1214.210 45.500
1214.510 45.500
1214.810 45.000
1215.110 45.500
1215.410 45.750
1215.710 46.000
1216.010 45.750
1216.310 45.500
1216.610 45.250
1216.910 45.250
1217.210 45.750
1217.510 45.000
1217.810 45.250
1218.110 45.250
1218.410 45.250
1218.710 45.250
1219.010 45.000
1219.310 45.250
1219.610 44.750
1219.910 45.000
1220.210 45.000
1220.510 45.250
1220.810 45.000
1221.110 44.250
1221.410 44.500
1221.710 44.750
1222.010 44.750
1222.310 44.500
1222.610 44.750
1222.910 44.500
1223.210 44.500
1223.510 44.500
1223.810 44.250
1224.110 44.500
1224.410 44.500
1224.710 44.500
1225.010 44.750
1225.310 44.250
1225.610 44.500
1225.910 44.500
1226.210 44.000
1226.510 44.250
1226.810 44.500
1227.110 44.250
1227.410 44.250
1227.710 44.250
1228.010 44.250
1228.310 44.500
1228.610 43.750
1228.910 43.750
1229.210 43.750
1229.510 43.750
1229.810 43.500
1230.110 44.250
1230.410 43.750
1230.710 44.000
1231.010 43.750
1231.310 43.500
1231.610 43.750
1231.910 44.000
1232.210 43.750
1232.510 43.750
1232.810 43.500
1233.110 44.000
1233.410 43.000
1233.710 43.250
1234.010 43.500
1234.310 43.250
1234.610 43.250
1234.910 43.250
1235.210 42.750
1235.510 43.000
1235.810 42.500
1236.110 42.750
1236.410 43.000
1236.710 43.000
1237.010 43.000
1237.310 42.500
1237.610 43.000
1237.910 42.500
1238.210 43.000
1238.510 42.250
1238.810 42.750
1239.110 42.500
1239.410 42.250
1239.710 42.250
1240.010 42.500
1240.310 42.500
1240.610 42.500
1240.910 42.500
1241.210 42.750
1241.510 42.750
1241.810 43.000
1242.110 42.750
1242.410 42.750
1242.710 43.000
1243.010 43.000
1243.310 42.750
1243.610 42.750
1243.910 42.500
1244.210 42.250
1244.510 42.250
1244.810 42.000
1245.110 42.250
1245.410 42.500
1245.710 42.250
1246.010 42.500
1246.310 42.250
1246.610 43.000
1246.910 42.250
1247.210 42.500
1247.510 42.000
1247.810 42.250
1248.110 42.000
1248.410 42.000
1248.710 41.750
1249.010 42.000
1249.310 41.500
1249.610 41.750
1249.910 42.000
1250.210 41.500
1250.510 42.000
1250.810 42.000
1251.110 41.750
1251.410 41.750
1251.710 41.750
1252.010 41.250
1252.310 41.500
1252.610 41.500
1252.910 41.500
1253.210 41.500
1253.510 41.000
1253.810 41.500
1254.110 41.250
1254.410 41.000
1254.710 41.000
1255.010 41.750
1255.310 41.500
1255.610 41.500
1255.910 41.250
1256.210 41.250
1256.510 41.250
1256.810 41.500
1257.110 41.750
1257.410 41.250
1257.710 41.750
1258.010 41.250
1258.310 41.500
1258.610 41.000
1258.910 41.250
1259.210 41.000
1259.510 40.750
1259.810 41.000
1260.110 40.500
1260.410 41.000
1260.710 41.000
1261.010 41.000
1261.310 40.250
1261.610 40.750
1261.910 41.250
1262.210 40.250
1262.510 40.750
1262.810 40.750
1263.110 40.500
1263.410 40.750
1263.710 41.250
1264.010 40.750
1264.310 40.500
1264.610 40.750
1264.910 40.250
1265.210 40.750
1265.510 40.500
1265.810 40.750
1266.110 39.750
1266.410 40.750
phase cooldown start: 388
phase overshoot start: 387
phase heatup start: 0
phase done start: 1767
phase heatup_fan start: 1766