pwm: 20.410 1.000
pwm: 130.210 0.000
pwm: 656.710 1.000
pwm: 657.010 0.000
20.110 29.500
20.410 29.250
20.710 29.250
21.010 29.250
21.310 29.250
21.610 29.250
21.910 29.750
22.210 29.250
22.510 29.500
22.810 29.250
23.110 29.250
23.410 29.250
23.710 29.500
24.010 29.500
24.310 29.500
24.610 29.500
24.910 29.000
25.210 29.750
25.510 29.500
25.810 29.500
26.110 29.750
26.410 29.500
26.710 29.500
27.010 29.000
27.310 29.750
27.610 29.750
27.910 29.750
28.210 30.000
28.510 30.000
28.810 30.000
29.110 29.750
29.410 30.000
29.710 30.000
30.010 30.250
30.310 30.000
30.610 30.500
30.910 30.750
31.210 30.500
31.510 30.750
31.810 31.000
32.110 31.500
32.410 31.000
32.710 31.750
33.010 32.000
33.310 32.000
33.610 32.250
33.910 32.250
34.210 32.500
34.510 33.000
34.810 33.250
35.110 33.500
35.410 33.500
35.710 33.750
36.010 34.000
36.310 34.750
36.610 35.000
36.910 35.000
37.210 35.500
37.510 35.250
37.810 35.750
38.110 36.250
38.410 36.500
38.710 36.750
39.010 37.250
39.310 37.500
39.610 38.000
39.910 37.750
40.210 38.250
40.510 39.000
40.810 39.250
41.110 39.500
41.410 40.000
41.710 40.500
42.010 40.500
42.310 40.750
42.610 41.500
42.910 41.750
43.210 42.250
43.510 42.250
43.810 43.250
44.110 43.500
44.410 44.000
44.710 44.500
45.010 44.500
45.310 45.000
45.610 45.500
45.910 45.750
46.210 45.750
46.510 47.000
46.810 47.250
47.110 48.000
47.410 48.500
47.710 48.750
48.010 49.250
48.310 49.500
48.610 50.250
48.910 50.500
49.210 50.250
49.510 51.750
49.810 52.250
50.110 52.500
50.410 53.250
50.710 53.750
51.010 54.250
51.310 55.000
51.610 55.250
51.910 55.750
52.210 56.250
52.510 57.000
52.810 57.500
53.110 57.750
53.410 58.750
53.710 58.750
54.010 59.250
54.310 59.750
54.610 60.500
54.910 61.000
55.210 61.250
55.510 62.250
55.810 62.750
56.110 63.500
56.410 64.000
56.710 64.750
57.010 64.750
57.310 65.250
57.610 66.500
57.910 67.000
58.210 66.750
58.510 67.750
58.810 68.250
59.110 68.250
59.410 69.500
59.710 69.750
60.010 70.750
60.310 71.250
60.610 72.000
60.910 72.000
61.210 73.000
61.510 73.250
61.810 73.750
62.110 74.500
62.410 75.250
62.710 75.750
63.010 76.000
63.310 77.000
63.610 77.500
63.910 78.000
64.210 78.000
64.510 79.000
64.810 80.000
65.110 80.000
65.410 80.750
65.710 81.500
66.010 82.000
66.310 82.750
66.610 83.500
66.910 84.000
67.210 84.500
67.510 84.750
67.810 85.750
68.110 86.500
68.410 87.000
68.710 87.250
69.010 87.750
69.310 88.500
69.610 89.250
69.910 90.000
70.210 90.250
70.510 90.750
70.810 91.250
71.110 92.750
71.410 92.500
71.710 93.500
72.010 94.250
72.310 94.750
72.610 95.500
72.910 96.000
73.210 96.750
73.510 97.250
73.810 98.000
74.110 98.500
74.410 99.000
74.710 99.500
75.010 99.750
75.310 100.250
75.610 101.500
75.910 101.750
76.210 102.500
76.510 102.750
76.810 103.500
77.110 104.000
77.410 104.250
77.710 105.000
78.010 106.000
78.310 106.250
78.610 107.000
78.910 108.000
79.210 108.000
79.510 109.250
79.810 109.250
80.110 110.250
80.410 110.500
80.710 111.500
81.010 112.000
81.310 112.500
81.610 113.250
81.910 113.750
82.210 114.250
82.510 115.000
82.810 115.500
83.110 116.000
83.410 116.500
83.710 117.000
84.010 117.500
84.310 118.000
84.610 118.750
84.910 120.000
85.210 120.500
85.510 120.500
85.810 121.500
86.110 122.250
86.410 122.750
86.710 123.250
87.010 123.500
87.310 124.000
87.610 125.000
87.910 125.500
88.210 126.250
88.510 126.750
88.810 127.250
89.110 128.000
89.410 128.500
89.710 129.000
90.010 129.750
90.310 130.250
90.610 130.750
90.910 131.000
91.210 131.750
91.510 132.000
91.810 133.250
92.110 133.750
92.410 134.000
92.710 134.250
93.010 135.250
93.310 136.000
93.610 136.500
93.910 136.750
94.210 137.500
94.510 137.750
94.810 138.500
95.110 139.000
95.410 139.500
95.710 140.250
96.010 140.500
96.310 141.500
96.610 142.000
96.910 142.750
97.210 143.250
97.510 143.500
97.810 143.750
98.110 144.500
98.410 145.250
98.710 145.750
99.010 146.000
99.310 147.250
99.610 147.500
99.910 147.750
100.210 148.250
100.510 149.500
100.810 149.750
101.110 150.000
101.410 150.500
101.710 151.000
102.010 152.000
102.310 152.500
102.610 153.000
102.910 153.250
103.210 154.250
103.510 154.500
103.810 155.000
104.110 155.750
104.410 156.500
104.710 157.250
105.010 157.500
105.310 158.000
105.610 158.750
105.910 159.250
106.210 159.750
106.510 159.750
106.810 160.500
107.110 161.500
107.410 162.000
107.710 162.500
108.010 162.750
108.310 163.250
108.610 164.250
108.910 164.500
109.210 165.250
109.510 165.750
109.810 166.000
110.110 166.500
110.410 167.250
110.710 167.500
111.010 168.000
111.310 168.750
111.610 169.000
111.910 169.750
112.210 170.000
112.510 170.500
112.810 171.250
113.110 172.000
113.410 172.250
113.710 172.250
114.010 173.500
114.310 173.750
114.610 174.500
114.910 175.000
115.210 175.500
115.510 175.500
115.810 176.250
116.110 176.500
116.410 177.500
116.710 177.750
117.010 178.500
117.310 179.000
117.610 179.250
117.910 180.000
118.210 180.500
118.510 180.750
118.810 181.250
119.110 181.750
119.410 182.000
119.710 183.000
120.010 183.250
120.310 183.750
120.610 184.000
120.910 185.250
121.210 185.500
121.510 186.000
121.810 186.500
122.110 187.250
122.410 187.750
122.710 187.500
123.010 189.000
123.310 189.250
123.610 189.500
123.910 190.000
124.210 190.250
124.510 191.000
124.810 192.000
125.110 192.250
125.410 192.250
125.710 192.750
126.010 193.500
126.310 194.000
126.610 194.250
126.910 194.750
127.210 196.250
127.510 196.000
127.810 196.000
128.110 196.750
128.410 197.500
128.710 197.750
129.010 198.250
129.310 198.500
129.610 199.250
129.910 200.000
130.210 200.250
130.510 200.500
130.810 201.250
131.110 201.250
131.410 202.000
131.710 202.500
132.010 202.750
132.310 203.250
132.610 204.000
132.910 204.250
133.210 204.750
133.510 205.500
133.810 206.000
134.110 206.000
134.410 206.500
134.710 207.250
135.010 207.500
135.310 207.500
135.610 208.000
135.910 208.750
136.210 209.250
136.510 209.500
136.810 210.000
137.110 210.250
137.410 210.500
137.710 210.500
138.010 211.000
138.310 211.750
138.610 211.750
138.910 211.500
139.210 212.500
139.510 213.000
139.810 212.750
140.110 213.250
140.410 214.250
140.710 213.750
141.010 214.750
141.310 214.500
141.610 215.000
141.910 215.000
142.210 215.500
142.510 215.250
142.810 215.750
143.110 215.500
143.410 216.500
143.710 216.500
144.010 216.750
144.310 216.500
144.610 217.000
144.910 217.500
145.210 217.750
145.510 217.750
145.810 217.750
146.110 217.500
146.410 217.750
146.710 218.000
147.010 218.250
147.310 218.250
147.610 218.500
147.910 218.250
148.210 218.500
148.510 218.250
148.810 218.750
149.110 218.500
149.410 218.500
149.710 218.750
150.010 218.750
150.310 218.500
150.610 219.000
150.910 218.750
151.210 218.500
151.510 219.000
151.810 218.750
152.110 219.000
152.410 219.000
152.710 218.750
153.010 218.500
153.310 218.750
153.610 218.250
153.910 218.500
154.210 219.000
154.510 218.750
154.810 218.500
155.110 218.750
155.410 219.000
155.710 218.500
156.010 218.500
156.310 218.500
156.610 218.250
156.910 218.250
157.210 218.000
157.510 217.500
157.810 217.750
158.110 217.750
158.410 217.500
158.710 217.500
159.010 216.250
159.310 217.250
159.610 217.250
159.910 217.250
160.210 216.750
160.510 216.500
160.810 216.500
161.110 216.250
161.410 216.250
161.710 216.000
162.010 215.750
162.310 215.750
162.610 215.250
162.910 215.500
163.210 215.250
163.510 215.000
163.810 214.750
164.110 214.500
164.410 214.250
164.710 214.750
165.010 213.500
165.310 213.500
165.610 213.750
165.910 213.500
166.210 212.750
166.510 213.000
166.810 212.750
167.110 212.500
167.410 212.250
167.710 211.750
168.010 212.000
168.310 211.750
168.610 211.500
168.910 211.250
169.210 211.000
169.510 210.500
169.810 210.500
170.110 210.500
170.410 210.250
170.710 210.000
171.010 209.500
171.310 209.250
171.610 209.000
171.910 209.250
172.210 208.750
172.510 208.250
172.810 208.000
173.110 208.000
173.410 206.750
173.710 207.250
174.010 206.750
174.310 207.250
174.610 206.500
174.910 206.500
175.210 206.000
175.510 206.000
175.810 205.500
176.110 205.000
176.410 205.000
176.710 205.000
177.010 203.750
177.310 204.500
177.610 203.500
177.910 204.000
178.210 203.750
178.510 203.500
178.810 202.750
179.110 202.750
179.410 202.750
179.710 202.500
180.010 202.500
180.310 201.750
180.610 201.250
180.910 201.500
181.210 200.750
181.510 200.500
181.810 200.500
182.110 200.250
182.410 199.750
182.710 199.750
183.010 199.500
183.310 198.750
183.610 199.000
183.910 198.750
184.210 197.500
184.510 198.250
184.810 198.250
185.110 197.500
185.410 197.000
185.710 197.000
186.010 196.750
186.310 196.500
186.610 196.250
186.910 196.000
187.210 195.500
187.510 195.250
187.810 195.250
188.110 195.000
188.410 194.500
188.710 194.000
189.010 194.250
189.310 193.500
189.610 192.750
189.910 193.500
190.210 193.000
190.510 192.500
190.810 192.500
191.110 191.750
191.410 191.500
191.710 191.500
192.010 191.250
192.310 191.250
192.610 190.250
192.910 190.500
193.210 190.250
193.510 189.500
193.810 189.500
194.110 189.250
194.410 189.750
194.710 189.250
195.010 188.750
195.310 188.500
195.610 188.250
195.910 188.250
196.210 188.000
196.510 187.000
196.810 187.500
197.110 187.000
197.410 186.750
197.710 186.000
198.010 185.750
198.310 185.750
198.610 185.750
198.910 185.250
199.210 185.000
199.510 184.750
199.810 184.500
200.110 184.250
200.410 184.000
200.710 183.500
201.010 183.250
201.310 183.500
201.610 183.000
201.910 183.000
202.210 182.500
202.510 182.250
202.810 181.500
203.110 181.250
203.410 181.250
203.710 181.250
204.010 180.500
204.310 180.750
204.610 180.250
204.910 180.250
205.210 179.750
205.510 179.750
205.810 179.250
206.110 178.500
206.410 178.750
206.710 178.750
207.010 178.250
207.310 178.250
207.610 177.500
207.910 177.500
208.210 177.250
208.510 177.000
208.810 176.750
209.110 176.250
209.410 176.500
209.710 176.000
210.010 175.750
210.310 175.750
210.610 175.000
210.910 175.250
211.210 174.500
211.510 174.750
211.810 174.500
212.110 174.250
212.410 174.000
212.710 173.250
213.010 173.000
213.310 172.750
213.610 173.500
213.910 172.750
214.210 172.500
214.510 172.000
214.810 171.750
215.110 171.500
215.410 170.750
215.710 170.750
216.010 171.000
216.310 170.500
216.610 170.000
216.910 170.250
217.210 169.750
217.510 169.500
217.810 169.500
218.110 169.000
218.410 169.000
218.710 168.750
219.010 168.250
219.310 167.750
219.610 168.250
219.910 167.750
220.210 167.000
220.510 167.250
220.810 167.000
221.110 166.500
221.410 166.750
221.710 166.000
222.010 166.000
222.310 165.750
222.610 165.500
222.910 165.250
223.210 164.750
223.510 164.500
223.810 164.250
224.110 164.000
224.410 164.250
224.710 163.750
225.010 164.000
225.310 162.750
225.610 163.250
225.910 162.750
226.210 162.500
226.510 161.500
226.810 162.000
227.110 161.500
227.410 161.250
227.710 161.750
228.010 161.250
228.310 161.000
228.610 160.250
228.910 160.250
229.210 160.250
229.510 159.750
229.810 159.750
230.110 158.750
230.410 159.000
230.710 158.500
231.010 158.750
231.310 158.500
231.610 158.750
231.910 157.750
232.210 157.500
232.510 157.500
232.810 157.500
233.110 157.000
233.410 157.000
233.710 156.750
234.010 156.500
234.310 156.000
234.610 156.000
234.910 155.750
235.210 155.250
235.510 155.500
235.810 155.000
236.110 154.750
236.410 154.750
236.710 154.000
237.010 154.500
237.310 154.000
237.610 153.750
237.910 153.500
238.210 153.500
238.510 153.250
238.810 153.000
239.110 152.500
239.410 152.500
239.710 152.250
240.010 151.750
240.310 151.750
240.610 151.250
240.910 151.000
241.210 151.500
241.510 149.750
241.810 150.750
242.110 150.750
242.410 150.250
242.710 150.250
243.010 149.000
243.310 149.000
243.610 149.500
243.910 149.250
244.210 148.750
244.510 148.500
244.810 149.000
245.110 148.250
245.410 147.750
245.710 148.000
246.010 147.500
246.310 147.500
246.610 147.250
246.910 147.000
247.210 146.500
247.510 146.750
247.810 146.250
248.110 145.750
248.410 146.250
248.710 145.250
249.010 145.750
249.310 145.250
249.610 145.000
249.910 144.500
250.210 144.250
250.510 144.750
250.810 144.500
251.110 144.250
251.410 143.750
251.710 143.250
252.010 143.500
252.310 143.250
252.610 142.750
252.910 142.250
253.210 142.500
253.510 142.500
253.810 141.750
254.110 141.750
254.410 142.000
254.710 141.750
255.010 141.750
255.310 141.250
255.610 140.750
255.910 141.250
256.210 140.250
256.510 140.250
256.810 139.750
257.110 139.500
257.410 140.250
257.710 139.500
258.010 139.750
258.310 138.750
258.610 139.000
258.910 139.250
259.210 138.750
259.510 138.250
259.810 138.250
260.110 138.250
260.410 138.250
260.710 137.500
261.010 137.750
261.310 137.250
261.610 137.000
261.910 136.750
262.210 136.750
262.510 136.500
262.810 136.750
263.110 136.750
263.410 135.750
263.710 136.000
264.010 135.750
264.310 135.250
264.610 135.250
264.910 135.000
265.210 135.000
265.510 134.750
265.810 134.500
266.110 134.250
266.410 134.250
266.710 133.500
267.010 133.250
267.310 133.250
267.610 133.500
267.910 133.500
268.210 133.250
268.510 133.000
268.810 132.500
269.110 132.500
269.410 132.250
269.710 132.500
270.010 131.500
270.310 131.000
270.610 131.750
270.910 131.500
271.210 131.500
271.510 131.500
271.810 131.000
272.110 131.000
272.410 131.000
272.710 130.250
273.010 130.500
273.310 130.250
273.610 129.750
273.910 130.000
274.210 129.750
274.510 129.250
274.810 129.000
275.110 129.000
275.410 129.000
275.710 128.750
276.010 128.250
276.310 128.500
276.610 127.500
276.910 128.000
277.210 128.000
277.510 128.000
277.810 127.250
278.110 127.000
278.410 127.500
278.710 127.250
279.010 126.750
279.310 126.000
279.610 126.500
279.910 126.000
280.210 126.250
280.510 126.000
280.810 125.250
281.110 126.000
281.410 125.500
281.710 124.750
282.010 124.750
282.310 124.750
282.610 124.250
282.910 124.750
283.210 124.750
283.510 124.500
283.810 124.250
284.110 124.000
284.410 124.000
284.710 123.750
285.010 123.500
285.310 123.250
285.610 123.250
285.910 123.250
286.210 122.000
286.510 122.250
286.810 122.250
287.110 122.500
287.410 122.250
287.710 121.750
288.010 121.250
288.310 121.750
288.610 121.000
288.910 121.500
289.210 121.250
289.510 121.000
289.810 120.750
290.110 120.500
290.410 120.750
290.710 120.500
291.010 120.000
291.310 120.000
291.610 119.750
291.910 120.000
292.210 119.750
292.510 119.000
292.810 119.000
293.110 119.500
293.410 118.750
293.710 119.250
294.010 118.750
294.310 118.750
294.610 118.000
294.910 118.250
295.210 118.250
295.510 118.250
295.810 117.750
296.110 118.000
296.410 117.000
296.710 117.250
297.010 117.000
297.310 117.250
297.610 117.250
297.910 117.000
298.210 117.000
298.510 116.750
298.810 116.250
299.110 116.000
299.410 116.000
299.710 115.750
300.010 115.750
300.310 115.250
300.610 115.250
300.910 115.000
301.210 114.750
301.510 115.250
301.810 114.750
302.110 114.250
302.410 114.750
302.710 114.250
303.010 114.500
303.310 113.750
303.610 113.750
303.910 113.750
304.210 113.500
304.510 113.250
304.810 113.250
305.110 112.750
305.410 113.000
305.710 112.750
306.010 112.750
306.310 112.500
306.610 112.500
306.910 112.750
307.210 112.500
307.510 112.000
307.810 112.000
308.110 111.500
308.410 111.750
308.710 110.750
309.010 111.500
309.310 111.000
309.610 111.250
309.910 111.000
310.210 110.500
310.510 110.750
310.810 110.500
311.110 110.250
311.410 110.500
311.710 110.250
312.010 110.000
312.310 110.000
312.610 110.000
312.910 109.500
313.210 110.000
313.510 109.500
313.810 109.000
314.110 109.000
314.410 108.750
314.710 109.250
315.010 109.000
315.310 108.750
315.610 108.500
315.910 108.000
316.210 107.750
316.510 107.750
316.810 107.750
317.110 108.000
317.410 107.250
317.710 107.250
318.010 107.500
318.310 107.500
318.610 107.250
318.910 107.000
319.210 106.750
319.510 106.500
319.810 106.750
320.110 106.500
320.410 106.750
320.710 106.250
321.010 106.250
321.310 106.000
321.610 106.000
321.910 105.750
322.210 105.750
322.510 105.750
322.810 105.000
323.110 105.250
323.410 104.500
323.710 105.000
324.010 105.000
324.310 104.500
324.610 104.500
324.910 104.500
325.210 103.500
325.510 104.250
325.810 104.000
326.110 103.750
326.410 104.000
326.710 103.500
327.010 103.500
327.310 103.500
327.610 103.250
327.910 102.750
328.210 103.250
328.510 103.000
328.810 102.750
329.110 102.250
329.410 102.250
329.710 102.000
330.010 102.750
330.310 102.500
330.610 102.250
330.910 101.500
331.210 101.500
331.510 102.000
331.810 101.250
332.110 101.750
332.410 101.250
332.710 101.250
333.010 101.000
333.310 101.000
333.610 100.750
333.910 100.750
334.210 101.000
334.510 100.500
334.810 100.250
335.110 100.250
335.410 99.750
335.710 100.250
336.010 100.000
336.310 99.250
336.610 99.250
336.910 99.500
337.210 99.500
337.510 99.000
337.810 99.000
338.110 99.750
338.410 98.750
338.710 98.750
339.010 98.500
339.310 98.250
339.610 98.000
339.910 98.500
340.210 98.250
340.510 98.250
340.810 98.000
341.110 98.000
341.410 97.500
341.710 97.750
342.010 97.500
342.310 97.250
342.610 97.500
342.910 97.250
343.210 97.000
343.510 96.750
343.810 96.500
344.110 97.000
344.410 96.750
344.710 96.500
345.010 96.500
345.310 96.250
345.610 95.750
345.910 96.000
346.210 96.250
346.510 95.750
346.810 95.500
347.110 95.500
347.410 95.000
347.710 95.500
348.010 95.000
348.310 95.500
348.610 95.000
348.910 94.500
349.210 94.500
349.510 94.250
349.810 94.500
350.110 94.750
350.410 94.500
350.710 94.500
351.010 93.750
351.310 93.500
351.610 93.750
351.910 93.750
352.210 93.750
352.510 93.500
352.810 93.500
353.110 93.250
353.410 93.250
353.710 93.000
354.010 93.250
354.310 92.500
354.610 93.000
354.910 93.000
355.210 92.250
355.510 92.750
355.810 92.000
356.110 91.500
356.410 92.000
356.710 92.250
357.010 92.000
357.310 91.500
357.610 91.250
357.910 91.500
358.210 91.000
358.510 91.250
358.810 91.250
359.110 91.250
359.410 91.250
359.710 90.250
360.010 90.500
360.310 91.250
360.610 90.500
360.910 90.000
361.210 90.500
361.510 90.000
361.810 90.000
362.110 90.000
362.410 90.000
362.710 89.750
363.010 89.750
363.310 89.250
363.610 89.000
363.910 89.000
364.210 89.250
364.510 89.000
364.810 88.750
365.110 89.000
365.410 88.500
365.710 88.750
366.010 88.250
366.310 88.250
366.610 88.250
366.910 88.500
367.210 87.750
367.510 88.500
367.810 87.500
368.110 88.000
368.410 88.000
368.710 87.750
369.010 87.750
369.310 87.250
369.610 87.250
369.910 87.500
370.210 86.750
370.510 87.250
370.810 87.250
371.110 87.250
371.410 86.250
371.710 86.750
372.010 86.500
372.310 86.750
372.610 86.500
372.910 86.500
373.210 86.250
373.510 86.000
373.810 86.250
374.110 86.000
374.410 85.750
374.710 85.750
375.010 86.000
375.310 85.500
375.610 85.750
375.910 85.500
376.210 85.500
376.510 85.250
376.810 85.250
377.110 85.250
377.410 84.750
377.710 84.500
378.010 84.750
378.310 84.750
378.610 84.500
378.910 84.250
379.210 84.500
379.510 84.250
379.810 84.250
380.110 84.000
380.410 84.250
380.710 83.750
381.010 84.000
381.310 83.750
381.610 83.750
381.910 83.250
382.210 83.500
382.510 83.500
382.810 83.250
383.110 82.750
383.410 83.500
383.710 82.750
384.010 83.250
384.310 83.000
384.610 83.000
384.910 83.250
385.210 82.500
385.510 82.750
385.810 82.750
386.110 82.250
386.410 82.250
386.710 82.250
387.010 82.000
387.310 81.750
387.610 82.000
387.910 81.750
388.210 81.500
388.510 82.000
388.810 81.500
389.110 81.500
389.410 81.500
389.710 81.500
390.010 81.500
390.310 81.000
390.610 81.000
390.910 80.500
391.210 81.250
391.510 80.500
391.810 80.750
392.110 80.750
392.410 80.250
392.710 80.500
393.010 80.500
393.310 80.250
393.610 80.000
393.910 80.250
394.210 79.750
394.510 80.250
394.810 79.750
395.110 80.000
395.410 80.000
395.710 79.750
396.010 79.250
396.310 79.000
396.610 79.750
396.910 79.250
397.210 78.750
397.510 79.000
397.810 79.000
398.110 79.000
398.410 78.500
398.710 79.250
399.010 78.750
399.310 78.500
399.610 78.500
399.910 78.000
400.210 78.750
400.510 78.000
400.810 78.250
401.110 78.250
401.410 77.500
401.710 78.000
402.010 77.500
402.310 78.000
402.610 77.500
402.910 78.000
403.210 77.500
403.510 77.500
403.810 77.500
404.110 77.250
404.410 77.250
404.710 77.250
405.010 77.250
405.310 77.000
405.610 76.750
405.910 77.000
406.210 76.750
406.510 76.750
406.810 76.250
407.110 76.000
407.410 76.250
407.710 76.250
408.010 76.000
408.310 76.250
408.610 75.500
408.910 75.750
409.210 76.250
409.510 75.750
409.810 75.750
410.110 75.250
410.410 75.000
410.710 75.250
411.010 75.250
411.310 75.000
411.610 75.500
411.910 75.250
412.210 75.000
412.510 75.000
412.810 74.750
413.110 74.750
413.410 74.750
413.710 75.250
414.010 74.250
414.310 74.250
414.610 74.250
414.910 74.250
415.210 74.250
415.510 74.500
415.810 73.750
416.110 74.000
416.410 74.000
416.710 73.500
417.010 74.000
417.310 73.750
417.610 73.250
417.910 73.000
418.210 73.750
418.510 73.500
418.810 72.750
419.110 72.750
419.410 73.500
419.710 73.250
420.010 72.750
420.310 73.250
420.610 73.250
420.910 73.750
421.210 72.500
421.510 73.000
421.810 72.500
422.110 72.750
422.410 72.750
422.710 72.750
423.010 72.750
423.310 72.000
423.610 72.250
423.910 72.000
424.210 72.250
424.510 71.750
424.810 71.750
425.110 72.000
425.410 71.000
425.710 72.000
426.010 72.000
426.310 71.750
426.610 71.250
426.910 71.750
427.210 71.750
427.510 71.250
427.810 70.750
428.110 71.500
428.410 70.500
428.710 71.250
429.010 71.250
429.310 71.000
429.610 70.500
429.910 71.000
430.210 70.000
430.510 70.750
430.810 70.000
431.110 70.750
431.410 70.250
431.710 70.500
432.010 70.250
432.310 70.250
432.610 69.750
432.910 70.250
433.210 70.000
433.510 70.000
433.810 69.750
434.110 69.750
434.410 69.250
434.710 69.500
435.010 69.750
435.310 69.750
435.610 69.500
435.910 70.000
436.210 69.500
436.510 69.000
436.810 69.000
437.110 69.250
437.410 69.500
437.710 68.500
438.010 69.500
438.310 69.000
438.610 68.500
438.910 69.000
439.210 68.500
439.510 68.500
439.810 68.750
440.110 68.250
440.410 68.500
440.710 68.250
441.010 68.250
441.310 68.250
441.610 68.000
441.910 68.500
442.210 68.250
442.510 67.750
442.810 68.000
443.110 67.750
443.410 67.500
443.710 67.250
444.010 67.500
444.310 67.500
444.610 67.250
444.910 67.250
445.210 67.500
445.510 67.500
445.810 67.000
446.110 67.250
446.410 67.250
446.710 67.500
447.010 67.250
447.310 67.000
447.610 66.500
447.910 66.500
448.210 66.250
448.510 66.500
448.810 66.500
449.110 66.000
449.410 66.500
449.710 66.500
450.010 66.250
450.310 66.250
450.610 66.500
450.910 66.000
451.210 66.000
451.510 66.500
451.810 66.250
452.110 65.750
452.410 66.000
452.710 66.000
453.010 65.750
453.310 65.500
453.610 65.250
453.910 66.000
454.210 65.000
454.510 65.250
454.810 65.750
455.110 64.750
455.410 64.750
455.710 64.750
456.010 64.750
456.310 65.000
456.610 65.250
456.910 65.500
457.210 64.250
457.510 64.750
457.810 65.250
458.110 65.000
458.410 64.750
458.710 64.750
459.010 65.000
459.310 64.750
459.610 64.000
459.910 64.000
460.210 64.250
460.510 64.250
460.810 64.500
461.110 64.250
461.410 64.000
461.710 64.000
462.010 63.750
462.310 63.750
462.610 63.750
462.910 63.750
463.210 63.500
463.510 63.250
463.810 63.750
464.110 63.500
464.410 63.500
464.710 63.250
465.010 63.750
465.310 63.500
465.610 63.250
465.910 63.250
466.210 63.250
466.510 63.000
466.810 63.000
467.110 63.250
467.410 63.000
467.710 63.000
468.010 62.500
468.310 62.250
468.610 63.250
468.910 62.500
469.210 63.000
469.510 62.500
469.810 62.000
470.110 62.750
470.410 62.250
470.710 62.750
471.010 62.250
471.310 62.500
471.610 62.000
471.910 62.250
472.210 62.250
472.510 61.750
472.810 62.250
473.110 62.000
473.410 62.000
473.710 61.750
474.010 61.500
474.310 61.500
474.610 61.250
474.910 60.750
475.210 61.750
475.510 61.250
475.810 61.000
476.110 61.500
476.410 61.000
476.710 61.250
477.010 61.000
477.310 60.750
477.610 61.000
477.910 61.500
478.210 60.250
478.510 60.750
478.810 60.500
479.110 61.000
479.410 61.250
479.710 60.750
480.010 60.250
480.310 60.250
480.610 60.250
480.910 60.000
481.210 60.500
481.510 60.500
481.810 60.000
482.110 60.500
482.410 60.500
482.710 59.750
483.010 60.000
483.310 60.000
483.610 59.250
483.910 60.000
484.210 59.250
484.510 60.000
484.810 60.000
485.110 59.750
485.410 59.500
485.710 59.500
486.010 59.500
486.310 59.500
486.610 59.250
486.910 59.250
487.210 59.250
487.510 59.000
487.810 59.250
488.110 59.000
488.410 59.250
488.710 59.000
489.010 59.250
489.310 59.250
489.610 59.500
489.910 58.500
490.210 58.750
490.510 59.000
490.810 58.750
491.110 58.750
491.410 58.750
491.710 58.250
492.010 58.750
492.310 58.500
492.610 58.000
492.910 58.250
493.210 58.250
493.510 58.250
493.810 58.000
494.110 58.500
494.410 58.000
494.710 57.750
495.010 57.750
495.310 58.250
495.610 58.000
495.910 57.750
496.210 57.750
496.510 57.750
496.810 58.000
497.110 57.500
497.410 57.750
497.710 57.500
498.010 57.750
498.310 57.000
498.610 57.250
498.910 57.000
499.210 56.750
499.510 57.250
499.810 56.750
500.110 57.500
500.410 57.000
500.710 57.250
501.010 56.750
501.310 56.750
501.610 57.250
501.910 56.500
502.210 57.000
502.510 57.000
502.810 56.500
503.110 57.000
503.410 57.000
503.710 56.500
504.010 56.500
504.310 56.500
504.610 56.500
504.910 55.750
505.210 56.250
505.510 55.750
505.810 56.250
506.110 56.250
506.410 56.000
506.710 56.500
507.010 56.250
507.310 56.000
507.610 56.000
507.910 55.500
508.210 55.500
508.510 55.750
508.810 55.750
509.110 55.750
509.410 55.750
509.710 55.250
510.010 55.750
510.310 55.500
510.610 55.500
510.910 55.500
511.210 55.000
511.510 55.250
511.810 55.000
512.110 55.500
512.410 54.750
512.710 54.750
513.010 55.500
513.310 54.750
513.610 54.750
513.910 55.000
514.210 54.750
514.510 54.250
514.810 55.000
515.110 55.000
515.410 54.750
515.710 54.750
516.010 54.250
516.310 54.750
516.610 54.250
516.910 54.500
517.210 53.750
517.510 54.750
517.810 53.750
518.110 54.500
518.410 54.250
518.710 54.500
519.010 54.000
519.310 54.000
519.610 54.500
519.910 54.000
520.210 53.500
520.510 54.000
520.810 53.500
521.110 54.000
521.410 53.750
521.710 53.750
522.010 53.750
522.310 53.750
522.610 53.750
522.910 54.000
523.210 53.750
523.510 53.500
523.810 53.750
524.110 53.500
524.410 53.500
524.710 53.000
525.010 53.250
525.310 53.250
525.610 53.250
525.910 53.250
526.210 53.000
526.510 53.250
526.810 52.750
527.110 53.000
527.410 53.000
527.710 53.000
528.010 53.000
528.310 53.250
528.610 52.500
528.910 52.750
529.210 53.000
529.510 52.750
529.810 52.750
530.110 52.750
530.410 52.750
530.710 52.500
531.010 52.500
531.310 52.500
531.610 51.750
531.910 52.750
532.210 52.000
532.510 52.000
532.810 51.750
533.110 52.250
533.410 51.750
533.710 52.000
534.010 52.500
534.310 52.250
534.610 52.000
534.910 51.750
535.210 52.000
535.510 51.500
535.810 51.500
536.110 52.000
536.410 51.750
536.710 52.000
537.010 51.500
537.310 51.500
537.610 51.500
537.910 51.250
538.210 51.250
538.510 51.500
538.810 51.250
539.110 51.250
539.410 51.750
539.710 50.750
540.010 51.250
540.310 51.250
540.610 51.000
540.910 50.750
541.210 51.000
541.510 50.750
541.810 50.750
542.110 51.250
542.410 51.000
542.710 51.250
543.010 51.250
543.310 50.750
543.610 50.750
543.910 51.000
544.210 50.750
544.510 50.500
544.810 50.750
545.110 51.000
545.410 50.250
545.710 50.250
546.010 50.500
546.310 50.250
546.610 50.250
546.910 50.000
547.210 50.250
547.510 50.500
547.810 50.250
548.110 50.750
548.410 50.500
548.710 50.000
549.010 50.000
549.310 49.500
549.610 50.250
549.910 50.500
550.210 50.000
550.510 49.750
550.810 49.500
551.110 50.250
551.410 50.250
551.710 49.500
552.010 49.750
552.310 50.250
552.610 49.750
552.910 50.000
553.210 49.500
553.510 49.250
553.810 49.500
554.110 49.750
554.410 49.250
554.710 49.750
555.010 49.500
555.310 49.500
555.610 49.250
555.910 49.750
556.210 49.750
556.510 49.250
556.810 49.500
557.110 49.500
557.410 49.250
557.710 48.750
558.010 48.750
558.310 49.000
558.610 49.000
558.910 49.000
559.210 48.750
559.510 48.250
559.810 48.750
560.110 49.000
560.410 48.750
560.710 48.000
561.010 48.500
561.310 48.500
561.610 48.750
561.910 48.000
562.210 48.750
562.510 48.250
562.810 48.500
563.110 48.250
563.410 48.750
563.710 48.500
564.010 47.750
564.310 48.000
564.610 48.750
564.910 48.750
565.210 48.500
565.510 48.000
565.810 48.500
566.110 48.250
566.410 48.000
566.710 47.750
567.010 47.750
567.310 47.750
567.610 48.000
567.910 48.000
568.210 48.000
568.510 47.750
568.810 47.750
569.110 47.750
569.410 48.000
569.710 47.750
570.010 47.250
570.310 47.250
570.610 47.250
570.910 47.500
571.210 47.500
571.510 47.500
571.810 47.500
572.110 47.500
572.410 47.750
572.710 46.500
573.010 47.500
573.310 47.250
573.610 47.250
573.910 47.000
574.210 47.500
574.510 46.750
574.810 47.000
575.110 47.250
575.410 47.250
575.710 47.000
576.010 47.000
576.310 47.000
576.610 47.250
576.910 47.000
577.210 47.000
577.510 47.250
577.810 46.750
578.110 46.500
578.410 46.750
578.710 46.750
579.010 46.750
579.310 46.750
579.610 46.500
579.910 46.500
580.210 46.500
580.510 46.500
580.810 46.500
581.110 46.000
581.410 46.000
581.710 46.250
582.010 46.250
582.310 46.000
582.610 46.500
582.910 46.250
583.210 46.250
583.510 46.250
583.810 45.750
584.110 46.000
584.410 45.250
584.710 46.250
585.010 46.250
585.310 45.750
585.610 46.000
585.910 46.000
586.210 45.750
586.510 46.000
586.810 44.750
587.110 45.750
587.410 45.750
587.710 45.750
588.010 45.750
588.310 45.750
588.610 45.750
588.910 45.750
589.210 45.750
589.510 46.000
589.810 45.500
590.110 46.000
590.410 45.500
590.710 45.250
591.010 45.500
591.310 44.750
591.610 45.250
591.910 45.000
592.210 45.250
592.510 45.250
592.810 45.250
593.110 45.250
593.410 44.750
593.710 44.750
594.010 45.250
594.310 45.000
594.610 45.000
594.910 45.000
595.210 45.000
595.510 44.750
595.810 44.500
596.110 44.500
596.410 44.250
596.710 45.000
597.010 45.000
597.310 45.000
597.610 44.750
597.910 44.750
598.210 44.500
598.510 44.250
598.810 44.500
599.110 43.750
599.410 44.500
599.710 44.000
600.010 44.750
600.310 44.500
600.610 44.000
600.910 43.750
601.210 44.250
601.510 44.250
601.810 44.250
602.110 44.500
602.410 44.500
602.710 44.500
603.010 44.000
603.310 43.750
603.610 44.500
603.910 44.250
604.210 44.000
604.510 44.250
604.810 43.750
605.110 44.250
605.410 44.000
605.710 43.750
606.010 43.000
606.310 44.000
606.610 44.000
606.910 44.500
607.210 43.750
607.510 44.000
607.810 44.000
608.110 44.000
608.410 43.250
608.710 43.750
609.010 43.250
609.310 43.500
609.610 43.500
609.910 43.000
610.210 43.750
610.510 43.750
610.810 43.500
611.110 43.750
611.410 44.000
611.710 43.500
612.010 43.000
612.310 43.000
612.610 43.500
612.910 43.250
613.210 43.750
613.510 43.250
613.810 43.000
614.110 43.000
614.410 43.000
614.710 43.500
615.010 43.500
615.310 42.500
615.610 42.250
615.910 42.500
616.210 42.750
616.510 42.500
616.810 43.000
617.110 43.250
617.410 42.750
617.710 43.000
618.010 43.250
618.310 43.000
618.610 42.750
618.910 43.000
619.210 43.000
619.510 43.000
619.810 42.500
620.110 42.750
620.410 42.500
620.710 42.750
621.010 42.750
621.310 42.750
621.610 42.500
621.910 42.750
622.210 42.750
622.510 42.750
622.810 42.750
623.110 42.250
623.410 42.500
623.710 42.750
624.010 42.500
624.310 42.750
624.610 42.500
624.910 42.000
625.210 42.500
625.510 42.250
625.810 42.250
626.110 42.500
626.410 42.500
626.710 42.500
627.010 42.250
627.310 42.000
627.610 42.250
627.910 42.000
628.210 42.000
628.510 42.250
628.810 41.500
629.110 42.500
629.410 42.250
629.710 42.000
630.010 42.250
630.310 42.250
630.610 42.250
630.910 41.500
631.210 42.000
631.510 41.500
631.810 41.750
632.110 41.750
632.410 41.500
632.710 42.250
633.010 41.500
633.310 41.750
633.610 41.750
633.910 41.500
634.210 41.500
634.510 41.750
634.810 41.500
635.110 42.000
635.410 41.750
635.710 42.000
636.010 41.250
636.310 41.500
636.610 41.750
636.910 41.750
637.210 42.000
637.510 41.250
637.810 41.750
638.110 41.250
638.410 41.250
638.710 41.500
639.010 41.250
639.310 41.000
639.610 41.500
639.910 41.750
640.210 41.500
640.510 41.250
640.810 41.250
641.110 41.750
641.410 40.500
641.710 41.500
642.010 41.500
642.310 41.000
642.610 40.750
642.910 41.250
643.210 40.750
643.510 41.250
643.810 41.000
644.110 40.750
644.410 41.000
644.710 41.000
645.010 41.000
645.310 41.250
645.610 41.000
645.910 41.000
646.210 41.000
646.510 40.750
646.810 41.000
647.110 41.000
647.410 41.000
647.710 40.500
648.010 40.750
648.310 40.750
648.610 40.750
648.910 41.000
649.210 40.750
649.510 40.750
649.810 40.750
650.110 40.750
650.410 40.750
650.710 40.750
651.010 40.750
651.310 40.250
651.610 40.750
651.910 40.750
652.210 40.000
652.510 40.750
652.810 40.500
653.110 40.250
653.410 40.500
653.710 40.250
654.010 40.000
654.310 40.750
654.610 40.000
654.910 40.250
655.210 40.000
655.510 40.250
655.810 40.250
656.110 40.250
656.410 39.750
656.710 40.000
657.010 40.000
phase cooldown start: 396
phase overshoot start: 366
phase heatup start: 0
phase done start: 2122
phase heatup_fan start: 2121
