pwm: 89.310 1.000
pwm: 201.810 0.000
pwm: 722.610 1.000
pwm: 835.710 0.000
89.010 27.000
89.310 26.500
89.610 27.000
89.910 27.000
90.210 27.250
90.510 26.750
90.810 26.500
91.110 26.750
91.410 27.000
91.710 26.500
92.010 26.500
92.310 26.250
92.610 26.750
92.910 26.750
93.210 27.250
93.510 26.500
93.810 27.000
94.110 26.500
94.410 26.750
94.710 27.000
95.010 27.000
95.310 26.750
95.610 26.750
95.910 27.000
96.210 26.500
96.510 27.250
96.810 27.000
97.110 27.500
97.410 27.500
97.710 27.250
98.010 27.500
98.310 27.000
98.610 27.500
98.910 27.500
99.210 27.500
99.510 28.000
99.810 28.250
100.110 28.750
100.410 28.500
100.710 28.750
101.010 28.500
101.310 29.000
101.610 29.500
101.910 29.500
102.210 29.750
102.510 30.250
102.810 30.250
103.110 30.500
103.410 30.000
103.710 30.750
104.010 31.250
104.310 31.250
104.610 31.000
104.910 31.750
105.210 31.750
105.510 32.250
105.810 32.500
106.110 33.000
106.410 33.500
106.710 33.500
107.010 34.000
107.310 34.250
107.610 33.750
107.910 35.000
108.210 35.250
108.510 35.250
108.810 35.500
109.110 36.250
109.410 36.500
109.710 36.750
110.010 37.250
110.310 37.750
110.610 38.000
110.910 38.500
111.210 38.250
111.510 39.500
111.810 39.750
112.110 39.750
112.410 40.500
112.710 41.250
113.010 41.500
113.310 41.750
113.610 41.750
113.910 42.500
114.210 42.750
114.510 43.000
114.810 43.750
115.110 44.000
115.410 44.500
115.710 45.250
116.010 45.250
116.310 46.000
116.610 45.500
116.910 46.750
117.210 47.000
117.510 47.750
117.810 48.000
118.110 48.500
118.410 49.500
118.710 50.000
119.010 50.500
119.310 51.000
119.610 51.250
119.910 51.500
120.210 52.500
120.510 53.000
120.810 53.500
121.110 54.000
121.410 54.500
121.710 55.000
122.010 54.750
122.310 56.250
122.610 56.750
122.910 57.250
123.210 57.750
123.510 58.250
123.810 59.000
124.110 59.500
124.410 60.000
124.710 60.500
125.010 61.250
125.310 61.250
125.610 61.750
125.910 62.750
126.210 63.000
126.510 63.250
126.810 63.750
127.110 65.000
127.410 65.500
127.710 66.000
128.010 66.250
128.310 67.250
128.610 67.750
128.910 68.250
129.210 68.750
129.510 69.500
129.810 70.000
130.110 70.750
130.410 71.000
130.710 71.750
131.010 72.250
131.310 72.000
131.610 73.250
131.910 74.000
132.210 74.250
132.510 75.250
132.810 75.250
133.110 76.000
133.410 77.000
133.710 77.500
134.010 78.250
134.310 78.750
134.610 79.250
134.910 79.750
135.210 80.750
135.510 81.250
135.810 82.000
136.110 82.500
136.410 83.250
136.710 83.750
137.010 84.250
137.310 85.000
137.610 85.000
137.910 85.500
138.210 86.500
138.510 87.000
138.810 87.250
139.110 88.000
139.410 88.750
139.710 89.500
140.010 89.500
140.310 90.250
140.610 91.250
140.910 92.000
141.210 92.000
141.510 92.750
141.810 93.750
142.110 94.250
142.410 94.750
142.710 95.500
143.010 95.750
143.310 96.750
143.610 97.250
143.910 98.000
144.210 98.500
144.510 99.000
144.810 99.500
145.110 100.250
145.410 100.750
145.710 101.750
146.010 102.250
146.310 102.250
146.610 103.000
146.910 103.500
147.210 104.500
147.510 104.750
147.810 105.750
148.110 106.000
148.410 107.000
148.710 107.250
149.010 107.750
149.310 108.250
149.610 109.250
149.910 110.000
150.210 110.500
150.510 111.250
150.810 111.500
151.110 112.250
151.410 113.000
151.710 113.500
152.010 114.000
152.310 114.250
152.610 115.250
152.910 115.500
153.210 115.750
153.510 116.500
153.810 117.250
154.110 118.250
154.410 118.750
154.710 119.500
155.010 120.000
155.310 120.000
155.610 120.750
155.910 121.250
156.210 121.750
156.510 122.750
156.810 122.750
157.110 123.750
157.410 124.250
157.710 124.750
158.010 125.000
158.310 126.000
158.610 126.750
158.910 127.000
159.210 127.750
159.510 128.250
159.810 129.000
160.110 129.250
160.410 130.500
160.710 130.750
161.010 131.500
161.310 131.500
161.610 132.500
161.910 133.000
162.210 133.500
162.510 134.000
162.810 134.750
163.110 135.000
163.410 135.000
163.710 136.500
164.010 137.000
164.310 137.250
164.610 138.000
164.910 138.500
165.210 139.250
165.510 139.500
165.810 140.000
166.110 140.750
166.410 141.000
166.710 141.750
167.010 142.250
167.310 142.750
167.610 143.000
167.910 144.000
168.210 144.000
168.510 144.750
168.810 145.750
169.110 145.500
169.410 146.750
169.710 147.250
170.010 147.750
170.310 148.750
170.610 148.750
170.910 149.750
171.210 150.250
171.510 150.250
171.810 151.250
172.110 151.750
172.410 152.000
172.710 152.250
173.010 153.000
173.310 154.000
173.610 154.500
173.910 155.000
174.210 155.500
174.510 156.000
174.810 156.750
175.110 157.000
175.410 157.250
175.710 157.250
176.010 158.750
176.310 159.250
176.610 159.750
176.910 160.500
177.210 160.750
177.510 160.750
177.810 161.750
178.110 162.000
178.410 163.000
178.710 163.000
179.010 163.250
179.310 163.750
179.610 164.250
179.910 165.000
180.210 165.750
180.510 166.500
180.810 167.000
181.110 167.250
181.410 167.750
181.710 168.500
182.010 168.750
182.310 169.500
182.610 170.250
182.910 169.750
183.210 170.500
183.510 171.500
183.810 172.250
184.110 172.250
184.410 172.500
184.710 173.500
185.010 174.000
185.310 174.250
185.610 174.750
185.910 175.750
186.210 176.250
186.510 176.500
186.810 176.750
187.110 177.000
187.410 178.000
187.710 178.000
188.010 179.250
188.310 179.750
188.610 180.250
188.910 180.500
189.210 181.250
189.510 181.000
189.810 182.000
190.110 182.250
190.410 182.500
190.710 183.750
191.010 183.500
191.310 183.750
191.610 184.500
191.910 185.250
192.210 185.500
192.510 186.250
192.810 186.750
193.110 187.000
193.410 187.250
193.710 188.250
194.010 188.250
194.310 189.000
194.610 189.250
194.910 190.000
195.210 190.500
195.510 190.250
195.810 191.250
196.110 191.750
196.410 191.750
196.710 192.750
197.010 193.000
197.310 193.750
197.610 194.250
197.910 194.500
198.210 194.500
198.510 194.500
198.810 196.000
199.110 195.750
199.410 196.750
199.710 197.500
200.010 197.500
200.310 198.000
200.610 198.250
200.910 198.500
201.210 199.500
201.510 200.000
201.810 200.500
202.110 200.000
202.410 201.250
202.710 202.000
203.010 202.000
203.310 202.250
203.610 202.750
203.910 203.500
204.210 203.750
204.510 204.250
204.810 204.000
205.110 205.250
205.410 205.500
205.710 206.250
206.010 206.500
206.310 206.750
206.610 207.500
206.910 207.750
207.210 208.250
207.510 208.500
207.810 208.500
208.110 209.500
208.410 210.000
208.710 210.000
209.010 210.750
209.310 210.750
209.610 211.250
209.910 211.250
210.210 212.000
210.510 211.750
210.810 212.500
211.110 213.250
211.410 213.500
211.710 213.250
212.010 213.750
212.310 214.000
212.610 214.750
212.910 214.750
213.210 214.500
213.510 215.250
213.810 215.500
214.110 215.750
214.410 215.500
214.710 216.000
215.010 216.500
215.310 216.500
215.610 217.000
215.910 216.500
216.210 217.000
216.510 217.500
216.810 217.250
217.110 217.500
217.410 217.750
217.710 217.750
218.010 218.000
218.310 217.750
218.610 217.750
218.910 218.000
219.210 218.250
219.510 218.250
219.810 218.250
220.110 218.250
220.410 218.750
220.710 218.500
221.010 218.750
221.310 218.500
221.610 218.500
221.910 219.000
222.210 218.750
222.510 218.750
222.810 218.750
223.110 218.500
223.410 219.000
223.710 218.500
224.010 218.750
224.310 218.500
224.610 218.750
224.910 218.500
225.210 218.750
225.510 218.500
225.810 218.500
226.110 217.750
226.410 218.000
226.710 218.000
227.010 218.250
227.310 217.500
227.610 217.750
227.910 218.000
228.210 217.000
228.510 217.750
228.810 218.000
229.110 218.000
229.410 217.500
229.710 217.750
230.010 217.250
230.310 217.000
230.610 217.250
230.910 217.000
231.210 217.250
231.510 216.750
231.810 216.000
232.110 216.250
232.410 216.000
232.710 215.500
233.010 216.000
233.310 215.750
233.610 215.500
233.910 215.000
234.210 214.750
234.510 215.000
234.810 214.250
235.110 214.500
235.410 214.250
235.710 214.250
236.010 213.750
236.310 213.750
236.610 213.750
236.910 213.250
237.210 213.000
237.510 213.000
237.810 212.750
238.110 212.500
238.410 212.250
238.710 211.750
239.010 211.750
239.310 211.750
239.610 211.750
239.910 210.750
240.210 211.250
240.510 211.000
240.810 210.500
241.110 210.250
241.410 210.250
241.710 209.750
242.010 209.750
242.310 209.750
242.610 209.250
242.910 209.250
243.210 209.000
243.510 208.750
243.810 208.250
244.110 208.500
244.410 208.000
244.710 208.000
245.010 208.250
245.310 207.750
245.610 207.500
245.910 206.750
246.210 207.000
246.510 207.000
246.810 206.250
247.110 206.500
247.410 206.000
247.710 206.250
248.010 205.500
248.310 205.000
248.610 204.750
248.910 205.000
249.210 204.750
249.510 204.000
249.810 204.500
250.110 204.000
250.410 204.000
250.710 203.250
251.010 202.750
251.310 202.750
251.610 202.750
251.910 202.500
252.210 202.000
252.510 201.500
252.810 201.500
253.110 201.000
253.410 201.250
253.710 200.750
254.010 200.250
254.310 199.750
254.610 200.000
254.910 199.250
255.210 199.500
255.510 199.000
255.810 199.000
256.110 198.250
256.410 198.500
256.710 198.000
257.010 197.750
257.310 197.750
257.610 197.250
257.910 197.000
258.210 196.500
258.510 196.250
258.810 196.000
259.110 195.750
259.410 195.250
259.710 195.250
260.010 194.500
260.310 194.750
260.610 193.750
260.910 194.000
261.210 193.750
261.510 193.500
261.810 193.250
262.110 192.500
262.410 192.500
262.710 192.250
263.010 192.250
263.310 191.500
263.610 191.000
263.910 191.000
264.210 190.750
264.510 190.250
264.810 190.000
265.110 190.000
265.410 189.250
265.710 188.750
266.010 189.250
266.310 189.000
266.610 188.250
266.910 188.750
267.210 188.000
267.510 187.750
267.810 187.500
268.110 187.250
268.410 187.000
268.710 186.750
269.010 186.500
269.310 186.250
269.610 186.250
269.910 185.750
270.210 185.500
270.510 185.000
270.810 184.500
271.110 184.750
271.410 184.250
271.710 183.750
272.010 183.750
272.310 183.500
272.610 183.000
272.910 182.500
273.210 182.500
273.510 182.250
273.810 182.250
274.110 181.750
274.410 181.500
274.710 181.000
275.010 180.750
275.310 180.750
275.610 180.750
275.910 180.500
276.210 179.750
276.510 179.750
276.810 179.250
277.110 178.750
277.410 178.500
277.710 178.250
278.010 178.750
278.310 178.250
278.610 177.750
278.910 177.750
279.210 177.250
279.510 177.250
279.810 176.750
280.110 176.250
280.410 176.250
280.710 176.000
281.010 176.000
281.310 175.250
281.610 175.000
281.910 174.750
282.210 174.750
282.510 174.500
282.810 174.250
283.110 173.750
283.410 173.500
283.710 173.500
284.010 172.750
284.310 172.750
284.610 172.250
284.910 172.000
285.210 172.250
285.510 172.000
285.810 171.250
286.110 171.250
286.410 171.500
286.710 171.000
287.010 170.500
287.310 169.750
287.610 170.250
287.910 170.000
288.210 169.750
288.510 170.000
288.810 168.750
289.110 168.750
289.410 168.500
289.710 168.500
290.010 168.250
290.310 168.000
290.610 167.500
290.910 167.500
291.210 166.750
291.510 167.250
291.810 166.750
292.110 166.500
292.410 166.000
292.710 166.000
293.010 165.750
293.310 165.500
293.610 165.250
293.910 165.250
294.210 164.750
294.510 164.000
294.810 164.500
295.110 164.250
295.410 163.750
295.710 163.750
296.010 163.500
296.310 163.000
296.610 163.000
296.910 162.500
297.210 162.500
297.510 162.250
297.810 161.750
298.110 162.000
298.410 161.500
298.710 161.250
299.010 161.500
299.310 160.500
299.610 160.500
299.910 160.250
300.210 160.250
300.510 160.000
300.810 159.500
301.110 159.500
301.410 159.500
301.710 159.250
302.010 158.750
302.310 158.500
302.610 157.750
302.910 157.750
303.210 158.000
303.510 157.000
303.810 156.750
304.110 157.000
304.410 157.000
304.710 156.750
305.010 156.250
305.310 156.250
305.610 156.500
305.910 155.750
306.210 155.750
306.510 155.500
306.810 155.250
307.110 155.000
307.410 155.000
307.710 154.750
308.010 153.750
308.310 154.000
308.610 154.000
308.910 153.500
309.210 153.500
309.510 153.250
309.810 153.250
310.110 153.000
310.410 152.750
310.710 152.500
311.010 152.000
311.310 151.500
311.610 152.000
311.910 151.750
312.210 150.750
312.510 150.750
312.810 151.000
313.110 150.000
313.410 150.750
313.710 149.750
314.010 150.000
314.310 149.250
314.610 149.250
314.910 149.000
315.210 149.250
315.510 149.250
315.810 148.250
316.110 148.500
316.410 148.250
316.710 148.000
317.010 147.500
317.310 147.750
317.610 147.750
317.910 147.000
318.210 147.250
318.510 146.250
318.810 146.500
319.110 146.000
319.410 145.750
319.710 146.000
320.010 146.000
320.310 146.000
320.610 145.000
320.910 144.750
321.210 145.000
321.510 145.000
321.810 144.500
322.110 144.750
322.410 144.000
322.710 144.250
323.010 143.750
323.310 144.000
323.610 142.750
323.910 142.750
324.210 142.750
324.510 142.500
324.810 142.000
325.110 142.500
325.410 142.000
325.710 141.750
326.010 141.500
326.310 141.500
326.610 141.250
326.910 140.500
327.210 141.000
327.510 141.000
327.810 140.500
328.110 140.250
328.410 140.250
328.710 139.750
329.010 140.000
329.310 139.750
329.610 139.250
329.910 138.750
330.210 138.500
330.510 139.250
330.810 138.750
331.110 138.250
331.410 138.250
331.710 138.250
332.010 138.000
332.310 137.500
332.610 137.500
332.910 137.000
333.210 137.000
333.510 136.250
333.810 137.000
334.110 136.750
334.410 136.500
334.710 136.000
335.010 136.000
335.310 136.000
335.610 135.250
335.910 135.500
336.210 135.250
336.510 135.500
336.810 135.000
337.110 134.250
337.410 134.250
337.710 134.000
338.010 134.000
338.310 134.000
338.610 133.500
338.910 133.000
339.210 132.500
339.510 133.500
339.810 133.000
340.110 132.750
340.410 132.750
340.710 132.750
341.010 132.000
341.310 132.000
341.610 132.250
341.910 131.500
342.210 131.750
342.510 130.750
342.810 131.000
343.110 131.000
343.410 131.000
343.710 130.750
344.010 130.500
344.310 130.250
344.610 130.000
344.910 130.250
345.210 129.500
345.510 129.000
345.810 129.000
346.110 129.000
346.410 128.750
346.710 129.250
347.010 128.750
347.310 128.500
347.610 128.000
347.910 127.750
348.210 128.000
348.510 128.000
348.810 127.750
349.110 127.500
349.410 127.500
349.710 127.500
350.010 127.000
350.310 126.500
350.610 126.750
350.910 126.500
351.210 126.500
351.510 126.250
351.810 126.250
352.110 125.750
352.410 126.000
352.710 125.250
353.010 125.250
353.310 124.750
353.610 124.750
353.910 124.750
354.210 124.500
354.510 124.250
354.810 124.000
355.110 124.000
355.410 123.500
355.710 124.000
356.010 123.250
356.310 123.250
356.610 123.500
356.910 123.000
357.210 122.500
357.510 122.250
357.810 122.500
358.110 122.000
358.410 122.500
358.710 121.750
359.010 122.000
359.310 122.000
359.610 122.000
359.910 121.500
360.210 120.750
360.510 121.000
360.810 121.250
361.110 120.750
361.410 120.750
361.710 120.250
362.010 120.250
362.310 120.000
362.610 120.250
362.910 119.500
363.210 119.500
363.510 119.250
363.810 119.250
364.110 119.500
364.410 119.000
364.710 119.000
365.010 119.250
365.310 118.500
365.610 117.750
365.910 117.750
366.210 118.000
366.510 118.000
366.810 117.750
367.110 117.500
367.410 117.750
367.710 117.500
368.010 117.000
368.310 116.750
368.610 117.000
368.910 115.750
369.210 116.250
369.510 116.250
369.810 116.000
370.110 116.250
370.410 115.750
370.710 116.250
371.010 115.500
371.310 115.250
371.610 115.250
371.910 115.000
372.210 115.000
372.510 114.750
372.810 115.000
373.110 114.250
373.410 114.250
373.710 114.250
374.010 114.000
374.310 114.250
374.610 113.500
374.910 113.750
375.210 113.500
375.510 113.500
375.810 113.250
376.110 113.250
376.410 112.750
376.710 112.750
377.010 113.000
377.310 112.750
377.610 112.750
377.910 112.500
378.210 112.250
378.510 112.000
378.810 112.000
379.110 111.750
379.410 111.250
379.710 111.250
380.010 111.000
380.310 111.000
380.610 111.000
380.910 110.750
381.210 110.250
381.510 110.750
381.810 110.500
382.110 110.500
382.410 110.250
382.710 109.750
383.010 109.750
383.310 110.000
383.610 110.000
383.910 109.250
384.210 109.500
384.510 109.000
384.810 108.500
385.110 109.000
385.410 108.750
385.710 108.500
386.010 108.500
386.310 108.500
386.610 108.250
386.910 108.250
387.210 108.000
387.510 107.750
387.810 107.750
388.110 107.750
388.410 107.250
388.710 107.250
389.010 107.000
389.310 106.750
389.610 106.750
389.910 107.000
390.210 106.250
390.510 106.750
390.810 106.250
391.110 106.750
391.410 106.250
391.710 106.000
392.010 105.750
392.310 106.250
392.610 105.750
392.910 105.500
393.210 105.250
393.510 105.500
393.810 104.750
394.110 104.750
394.410 104.750
394.710 105.000
395.010 104.250
395.310 104.250
395.610 104.250
395.910 104.000
396.210 104.000
396.510 103.750
396.810 103.750
397.110 103.750
397.410 103.500
397.710 103.000
398.010 103.250
398.310 103.000
398.610 102.750
398.910 102.750
399.210 102.750
399.510 102.250
399.810 102.750
400.110 102.250
400.410 102.500
400.710 102.250
401.010 102.000
401.310 102.750
401.610 101.750
401.910 101.250
402.210 101.250
402.510 101.000
402.810 101.250
403.110 101.250
403.410 100.500
403.710 100.750
404.010 101.000
404.310 101.000
404.610 100.750
404.910 100.500
405.210 100.250
405.510 100.250
405.810 100.000
406.110 100.000
406.410 99.750
406.710 99.250
407.010 99.250
407.310 99.750
407.610 99.250
407.910 99.000
408.210 99.500
408.510 98.500
408.810 99.250
409.110 99.250
409.410 98.750
409.710 98.750
410.010 98.750
410.310 98.250
410.610 98.250
410.910 98.250
411.210 98.250
411.510 97.500
411.810 97.750
412.110 97.750
412.410 97.500
412.710 97.750
413.010 97.750
413.310 97.250
413.610 97.250
413.910 97.250
414.210 97.000
414.510 96.750
414.810 96.750
415.110 96.750
415.410 96.500
415.710 96.250
416.010 96.750
416.310 96.000
416.610 95.750
416.910 96.250
417.210 95.250
417.510 96.000
417.810 95.250
418.110 95.250
418.410 95.500
418.710 94.750
419.010 95.000
419.310 95.000
419.610 95.000
419.910 95.000
420.210 95.000
420.510 94.500
420.810 95.000
421.110 94.250
421.410 94.500
421.710 94.000
422.010 94.250
422.310 94.000
422.610 93.500
422.910 93.500
423.210 94.000
423.510 93.750
423.810 93.750
424.110 93.000
424.410 92.750
424.710 93.500
425.010 92.750
425.310 93.250
425.610 92.750
425.910 93.000
426.210 92.500
426.510 92.500
426.810 92.500
427.110 92.250
427.410 92.250
427.710 92.500
428.010 92.000
428.310 92.000
428.610 91.750
428.910 91.750
429.210 91.500
429.510 91.500
429.810 91.250
430.110 91.000
430.410 91.250
430.710 91.000
431.010 90.750
431.310 90.750
431.610 90.250
431.910 90.500
432.210 90.000
432.510 90.500
432.810 90.000
433.110 90.250
433.410 90.000
433.710 90.250
434.010 90.000
434.310 89.750
434.610 90.000
434.910 89.500
435.210 89.500
435.510 89.500
435.810 89.000
436.110 89.000
436.410 88.750
436.710 88.500
437.010 88.500
437.310 89.000
437.610 88.500
437.910 88.750
438.210 88.250
438.510 88.750
438.810 87.750
439.110 88.500
439.410 88.000
439.710 87.750
440.010 87.750
440.310 88.000
440.610 87.250
440.910 87.500
441.210 87.000
441.510 87.500
441.810 87.250
442.110 87.250
442.410 87.000
442.710 86.750
443.010 86.750
443.310 86.500
443.610 86.750
443.910 86.500
444.210 86.500
444.510 85.750
444.810 86.000
445.110 86.250
445.410 86.000
445.710 86.250
446.010 85.750
446.310 85.500
446.610 85.750
446.910 85.250
447.210 85.750
447.510 85.250
447.810 85.000
448.110 85.000
448.410 85.000
448.710 84.500
449.010 84.000
449.310 84.250
449.610 84.750
449.910 84.500
450.210 84.500
450.510 84.000
450.810 84.500
451.110 84.000
451.410 83.750
451.710 83.750
452.010 83.500
452.310 83.750
452.610 83.750
452.910 83.250
453.210 83.750
453.510 83.500
453.810 83.500
454.110 83.250
454.410 83.000
454.710 82.750
455.010 83.000
455.310 83.250
455.610 82.250
455.910 82.750
456.210 82.500
456.510 82.500
456.810 82.750
457.110 82.500
457.410 82.250
457.710 82.000
458.010 82.000
458.310 82.000
458.610 81.750
458.910 82.000
459.210 82.000
459.510 81.500
459.810 81.250
460.110 81.500
460.410 80.750
460.710 81.000
461.010 81.500
461.310 81.250
461.610 81.000
461.910 81.000
462.210 80.750
462.510 81.000
462.810 81.000
463.110 80.750
463.410 80.250
463.710 80.250
464.010 80.000
464.310 79.750
464.610 80.500
464.910 80.250
465.210 80.250
465.510 79.500
465.810 80.000
466.110 79.500
466.410 79.500
466.710 79.250
467.010 79.750
467.310 79.250
467.610 79.250
467.910 79.250
468.210 78.750
468.510 79.500
468.810 78.750
469.110 79.250
469.410 78.750
469.710 78.500
470.010 78.750
470.310 79.000
470.610 78.000
470.910 78.250
471.210 78.250
471.510 78.500
471.810 78.000
472.110 78.250
472.410 78.250
472.710 78.250
473.010 77.750
473.310 77.750
473.610 77.250
473.910 77.500
474.210 77.500
474.510 77.250
474.810 77.250
475.110 77.500
475.410 77.250
475.710 77.250
476.010 77.250
476.310 76.750
476.610 76.750
476.910 77.000
477.210 76.750
477.510 76.500
477.810 76.750
478.110 76.500
478.410 76.500
478.710 75.750
479.010 76.000
479.310 76.000
479.610 76.250
479.910 75.750
480.210 76.250
480.510 75.750
480.810 75.750
481.110 76.000
481.410 75.500
481.710 75.500
482.010 75.500
482.310 75.500
482.610 75.000
482.910 74.750
483.210 74.500
483.510 75.250
483.810 75.000
484.110 75.000
484.410 75.000
484.710 74.500
485.010 74.250
485.310 74.250
485.610 74.250
485.910 74.500
486.210 74.000
486.510 73.750
486.810 74.500
487.110 73.750
487.410 73.750
487.710 73.500
488.010 73.500
488.310 73.500
488.610 73.500
488.910 73.750
489.210 73.500
489.510 73.250
489.810 73.750
490.110 73.000
490.410 73.250
490.710 73.250
491.010 73.250
491.310 73.000
491.610 72.750
491.910 72.750
492.210 73.000
492.510 72.000
492.810 72.750
493.110 72.250
493.410 72.500
493.710 72.750
494.010 72.250
494.310 72.250
494.610 72.500
494.910 72.000
495.210 72.000
495.510 72.000
495.810 72.000
496.110 72.000
496.410 71.750
496.710 71.500
497.010 72.000
497.310 71.250
497.610 71.500
497.910 71.500
498.210 71.500
498.510 71.250
498.810 71.500
499.110 71.000
499.410 71.000
499.710 70.250
500.010 70.750
500.310 70.750
500.610 70.250
500.910 70.500
501.210 70.750
501.510 70.750
501.810 70.500
502.110 70.750
502.410 70.000
502.710 70.500
503.010 70.250
503.310 70.250
503.610 70.000
503.910 70.500
504.210 69.750
504.510 69.750
504.810 70.250
505.110 69.250
505.410 69.750
505.710 69.750
506.010 69.250
506.310 69.000
506.610 69.750
506.910 69.500
507.210 69.000
507.510 69.000
507.810 69.000
508.110 69.000
508.410 69.000
508.710 68.750
509.010 68.750
509.310 68.250
509.610 68.500
509.910 68.750
510.210 68.750
510.510 68.250
510.810 68.500
511.110 68.750
511.410 68.500
511.710 68.500
512.010 68.250
512.310 67.500
512.610 67.500
512.910 68.000
513.210 68.000
513.510 68.000
513.810 68.000
514.110 67.500
514.410 68.000
514.710 67.500
515.010 67.750
515.310 67.750
515.610 67.500
515.910 66.750
516.210 67.250
516.510 67.250
516.810 67.500
517.110 67.250
517.410 66.500
517.710 67.000
518.010 66.750
518.310 66.750
518.610 66.500
518.910 66.750
519.210 66.750
519.510 66.250
519.810 66.250
520.110 66.500
520.410 66.500
520.710 66.000
521.010 65.500
521.310 66.250
521.610 66.250
521.910 66.250
522.210 65.500
522.510 66.000
522.810 66.000
523.110 66.000
523.410 65.750
523.710 65.750
524.010 65.250
524.310 65.500
524.610 65.750
524.910 65.750
525.210 65.000
525.510 65.500
525.810 65.250
526.110 65.000
526.410 65.250
526.710 65.250
527.010 64.750
527.310 65.000
527.610 65.500
527.910 65.000
528.210 64.500
528.510 64.000
528.810 64.500
529.110 64.750
529.410 64.500
529.710 64.000
530.010 64.750
530.310 64.250
530.610 64.250
530.910 64.250
531.210 64.000
531.510 63.750
531.810 64.250
532.110 64.000
532.410 64.000
532.710 63.500
533.010 63.750
533.310 64.000
533.610 63.500
533.910 63.250
534.210 63.750
534.510 63.750
534.810 62.750
535.110 63.000
535.410 63.500
535.710 63.000
536.010 63.250
536.310 63.000
536.610 63.250
536.910 63.000
537.210 62.250
537.510 63.250
537.810 62.750
538.110 62.750
538.410 62.750
538.710 62.750
539.010 62.750
539.310 62.750
539.610 62.750
539.910 62.750
540.210 62.250
540.510 62.500
540.810 62.000
541.110 61.750
541.410 61.750
541.710 61.750
542.010 62.250
542.310 62.000
542.610 61.750
542.910 62.000
543.210 61.500
543.510 61.500
543.810 61.500
544.110 61.750
544.410 61.250
544.710 61.000
545.010 61.000
545.310 61.250
545.610 61.250
545.910 61.250
546.210 61.250
546.510 61.500
546.810 61.000
547.110 60.500
547.410 60.750
547.710 61.000
548.010 61.000
548.310 61.000
548.610 60.500
548.910 60.250
549.210 60.500
549.510 60.250
549.810 60.500
550.110 60.250
550.410 60.250
550.710 60.250
551.010 60.500
551.310 60.250
551.610 60.500
551.910 60.250
552.210 60.000
552.510 60.500
552.810 60.000
553.110 59.750
553.410 59.500
553.710 60.000
554.010 59.500
554.310 60.000
554.610 59.750
554.910 59.500
555.210 59.750
555.510 59.000
555.810 59.500
556.110 59.500
556.410 59.500
556.710 59.250
557.010 59.250
557.310 58.750
557.610 59.000
557.910 59.250
558.210 59.250
558.510 59.000
558.810 59.000
559.110 58.750
559.410 59.000
559.710 59.000
560.010 58.500
560.310 59.000
560.610 58.500
560.910 59.000
561.210 58.500
561.510 58.500
561.810 58.500
562.110 58.500
562.410 58.250
562.710 58.250
563.010 58.250
563.310 58.000
563.610 58.250
563.910 58.250
564.210 58.000
564.510 58.250
564.810 58.000
565.110 57.500
565.410 57.750
565.710 58.000
566.010 58.000
566.310 57.250
566.610 58.250
566.910 57.500
567.210 57.500
567.510 57.750
567.810 57.000
568.110 57.000
568.410 57.500
568.710 57.000
569.010 56.250
569.310 57.000
569.610 57.500
569.910 57.250
570.210 57.000
570.510 56.750
570.810 56.500
571.110 56.500
571.410 56.750
571.710 57.000
572.010 56.500
572.310 56.750
572.610 56.750
572.910 56.250
573.210 56.750
573.510 56.750
573.810 56.000
574.110 56.000
574.410 56.500
574.710 56.500
575.010 56.000
575.310 56.000
575.610 56.500
575.910 56.250
576.210 56.000
576.510 56.000
576.810 56.000
577.110 56.000
577.410 55.750
577.710 56.000
578.010 55.750
578.310 55.500
578.610 55.250
578.910 55.000
579.210 55.750
579.510 55.500
579.810 55.750
580.110 55.750
580.410 55.500
580.710 55.500
581.010 55.250
581.310 55.500
581.610 55.500
581.910 55.000
582.210 55.000
582.510 55.000
582.810 55.000
583.110 55.250
583.410 55.000
583.710 55.000
584.010 54.500
584.310 54.750
584.610 54.750
584.910 54.750
585.210 55.000
585.510 54.750
585.810 54.500
586.110 54.500
586.410 54.500
586.710 54.500
587.010 55.000
587.310 54.250
587.610 54.750
587.910 54.250
588.210 54.250
588.510 54.250
588.810 54.000
589.110 54.250
589.410 53.250
589.710 54.000
590.010 54.000
590.310 53.750
590.610 54.000
590.910 53.500
591.210 53.750
591.510 54.000
591.810 53.750
592.110 54.000
592.410 53.500
592.710 53.250
593.010 53.500
593.310 53.750
593.610 53.250
593.910 53.250
594.210 52.750
594.510 53.250
594.810 53.500
595.110 53.000
595.410 53.250
595.710 53.000
596.010 53.500
596.310 53.250
596.610 52.500
596.910 52.750
597.210 53.000
597.510 53.000
597.810 52.750
598.110 52.750
598.410 53.000
598.710 52.750
599.010 53.000
599.310 52.000
599.610 52.750
599.910 52.000
600.210 52.250
600.510 52.500
600.810 52.500
601.110 52.250
601.410 52.250
601.710 52.000
602.010 52.500
602.310 52.250
602.610 52.500
602.910 52.000
603.210 51.750
603.510 52.250
603.810 51.500
604.110 52.250
604.410 51.750
604.710 52.250
605.010 52.000
605.310 52.000
605.610 51.500
605.910 51.500
606.210 51.750
606.510 51.500
606.810 52.000
607.110 51.750
607.410 51.000
607.710 51.500
608.010 51.750
608.310 51.750
608.610 51.000
608.910 51.000
609.210 50.750
609.510 51.250
609.810 51.000
610.110 51.250
610.410 51.250
610.710 50.500
611.010 51.000
611.310 51.000
611.610 51.000
611.910 50.500
612.210 51.000
612.510 51.000
612.810 51.000
613.110 51.000
613.410 51.000
613.710 50.250
614.010 50.500
614.310 50.750
614.610 50.000
614.910 50.500
615.210 50.250
615.510 50.250
615.810 50.500
616.110 50.500
616.410 50.750
616.710 50.000
617.010 50.000
617.310 50.500
617.610 50.250
617.910 50.000
618.210 49.750
618.510 50.250
618.810 50.000
619.110 49.750
619.410 50.250
619.710 49.750
620.010 50.000
620.310 50.000
620.610 49.250
620.910 49.750
621.210 49.750
621.510 49.750
621.810 49.500
622.110 49.750
622.410 49.750
622.710 49.750
623.010 49.250
623.310 49.500
623.610 49.750
623.910 49.500
624.210 49.500
624.510 49.250
624.810 49.500
625.110 49.750
625.410 49.500
625.710 49.000
626.010 49.000
626.310 49.250
626.610 49.250
626.910 49.250
627.210 48.750
627.510 48.750
627.810 49.000
628.110 49.000
628.410 48.500
628.710 49.500
629.010 49.000
629.310 49.000
629.610 48.500
629.910 48.500
630.210 48.250
630.510 48.500
630.810 48.500
631.110 48.500
631.410 48.500
631.710 48.750
632.010 48.250
632.310 48.250
632.610 48.500
632.910 48.500
633.210 48.500
633.510 48.000
633.810 48.250
634.110 48.000
634.410 48.250
634.710 48.250
635.010 47.750
635.310 48.000
635.610 48.250
635.910 48.250
636.210 48.250
636.510 48.250
636.810 47.500
637.110 48.000
637.410 47.500
637.710 47.750
638.010 47.750
638.310 47.250
638.610 47.750
638.910 47.750
639.210 47.250
639.510 47.750
639.810 47.750
640.110 47.750
640.410 47.500
640.710 47.500
641.010 47.000
641.310 47.500
641.610 47.250
641.910 47.250
642.210 47.500
642.510 46.750
642.810 47.250
643.110 47.000
643.410 46.750
643.710 47.000
644.010 47.250
644.310 46.500
644.610 47.000
644.910 47.250
645.210 47.000
645.510 47.000
645.810 47.000
646.110 47.000
646.410 46.250
646.710 46.500
647.010 46.500
647.310 46.750
647.610 46.750
647.910 46.500
648.210 46.750
648.510 46.500
648.810 46.500
649.110 46.250
649.410 46.250
649.710 46.250
650.010 46.750
650.310 46.500
650.610 46.500
650.910 46.500
651.210 46.500
651.510 46.500
651.810 46.000
652.110 46.250
652.410 46.000
652.710 46.500
653.010 46.000
653.310 46.000
653.610 46.000
653.910 46.000
654.210 46.000
654.510 46.250
654.810 46.250
655.110 46.000
655.410 46.250
655.710 45.750
656.010 46.000
656.310 45.750
656.610 45.250
656.910 45.750
657.210 45.250
657.510 45.750
657.810 46.000
658.110 45.500
658.410 45.500
658.710 45.500
659.010 45.500
659.310 45.750
659.610 45.750
659.910 45.500
660.210 45.000
660.510 45.500
660.810 45.500
661.110 45.250
661.410 45.250
661.710 45.500
662.010 44.750
662.310 45.000
662.610 44.750
662.910 44.750
663.210 45.250
663.510 45.000
663.810 45.250
664.110 45.000
664.410 45.250
664.710 44.750
665.010 45.000
665.310 44.750
665.610 44.500
665.910 45.000
666.210 44.750
666.510 44.750
666.810 44.750
667.110 44.500
667.410 44.750
667.710 44.500
668.010 44.250
668.310 44.500
668.610 44.500
668.910 44.500
669.210 44.750
669.510 44.500
669.810 44.000
670.110 44.250
670.410 44.000
670.710 44.750
671.010 44.000
671.310 43.750
671.610 44.000
671.910 44.500
672.210 44.500
672.510 44.000
672.810 43.750
673.110 43.750
673.410 44.250
673.710 44.250
674.010 44.000
674.310 43.750
674.610 43.250
674.910 44.250
675.210 44.000
675.510 43.750
675.810 44.000
676.110 43.750
676.410 43.500
676.710 44.250
677.010 43.250
677.310 44.000
677.610 43.750
677.910 43.250
678.210 43.250
678.510 43.750
678.810 43.250
679.110 43.250
679.410 43.750
679.710 43.250
680.010 43.500
680.310 43.000
680.610 43.500
680.910 43.250
681.210 43.250
681.510 43.250
681.810 43.250
682.110 43.000
682.410 43.000
682.710 43.000
683.010 43.000
683.310 42.500
683.610 43.000
683.910 43.250
684.210 43.250
684.510 43.250
684.810 43.000
685.110 43.000
685.410 43.250
685.710 43.000
686.010 43.000
686.310 42.750
686.610 43.000
686.910 42.750
687.210 43.000
687.510 42.750
687.810 42.500
688.110 42.750
688.410 42.750
688.710 42.250
689.010 42.500
689.310 42.000
689.610 43.000
689.910 42.500
690.210 42.000
690.510 42.500
690.810 42.250
691.110 42.500
691.410 41.750
691.710 42.250
692.010 42.500
692.310 42.000
692.610 42.500
692.910 42.500
693.210 42.250
693.510 42.250
693.810 41.500
694.110 42.000
694.410 42.000
694.710 42.250
695.010 42.000
695.310 42.000
695.610 42.250
695.910 42.000
696.210 41.500
696.510 41.750
696.810 42.000
697.110 41.750
697.410 42.250
697.710 41.750
698.010 41.500
698.310 41.500
698.610 41.500
698.910 41.750
699.210 41.500
699.510 41.500
699.810 41.750
700.110 41.500
700.410 41.250
700.710 41.500
701.010 41.750
701.310 41.750
701.610 41.500
701.910 41.500
702.210 41.500
702.510 42.250
702.810 41.500
703.110 41.750
703.410 40.750
703.710 41.000
704.010 41.750
704.310 41.250
704.610 41.000
704.910 41.500
705.210 41.750
705.510 41.250
705.810 41.000
706.110 41.250
706.410 41.000
706.710 41.000
707.010 41.000
707.310 41.000
707.610 40.750
707.910 40.750
708.210 41.000
708.510 41.000
708.810 40.500
709.110 41.000
709.410 40.750
709.710 40.750
710.010 41.000
710.310 40.500
710.610 40.500
710.910 40.750
711.210 41.250
711.510 41.250
711.810 40.750
712.110 40.750
712.410 41.250
712.710 40.750
713.010 41.250
713.310 40.750
713.610 40.500
713.910 40.500
714.210 41.000
714.510 40.750
714.810 41.000
715.110 41.000
715.410 40.750
715.710 41.000
716.010 40.500
716.310 40.250
716.610 41.000
716.910 41.000
717.210 40.500
717.510 40.000
717.810 40.750
718.110 41.000
718.410 40.500
718.710 40.250
719.010 40.500
719.310 40.500
719.610 40.750
719.910 40.750
720.210 40.750
720.510 41.000
720.810 40.500
721.110 40.750
721.410 40.000
721.710 40.500
722.010 40.500
722.310 39.750
722.610 40.250
722.910 40.500
723.210 40.250
723.510 40.000
723.810 40.250
724.110 40.250
724.410 40.500
724.710 40.500
725.010 39.750
725.310 40.500
725.610 39.750
725.910 40.250
726.210 39.750
726.510 40.000
726.810 39.750
727.110 40.000
727.410 39.750
727.710 39.750
728.010 40.000
728.310 40.000
728.610 40.500
728.910 40.250
729.210 40.250
729.510 39.500
729.810 40.250
730.110 40.000
730.410 40.000
730.710 40.500
731.010 40.750
731.310 40.500
731.610 40.500
731.910 41.000
732.210 40.750
732.510 40.750
732.810 41.000
733.110 40.500
733.410 40.750
733.710 41.000
734.010 41.000
734.310 40.750
734.610 41.000
734.910 42.000
735.210 41.250
735.510 41.250
735.810 42.250
736.110 42.750
736.410 42.500
736.710 42.500
737.010 42.500
737.310 43.250
737.610 43.500
737.910 43.500
738.210 43.750
738.510 43.750
738.810 44.000
739.110 45.000
739.410 44.750
739.710 45.000
740.010 45.500
740.310 45.500
740.610 45.750
740.910 46.250
741.210 47.000
741.510 46.500
741.810 47.000
742.110 47.000
742.410 48.250
742.710 48.500
743.010 48.500
743.310 49.000
743.610 49.250
743.910 49.500
744.210 50.250
744.510 50.500
744.810 51.000
745.110 51.250
745.410 51.750
745.710 51.750
746.010 52.000
746.310 52.750
746.610 53.000
746.910 53.500
747.210 54.000
747.510 54.500
747.810 54.250
748.110 54.500
748.410 55.750
748.710 56.000
749.010 56.500
749.310 57.000
749.610 56.750
749.910 58.000
750.210 58.000
750.510 58.750
750.810 59.250
751.110 59.500
751.410 59.750
751.710 60.000
752.010 61.000
752.310 61.750
752.610 61.750
752.910 62.250
753.210 62.750
753.510 63.500
753.810 64.000
754.110 64.000
754.410 65.000
754.710 65.250
755.010 65.500
755.310 66.250
755.610 66.500
755.910 67.250
756.210 67.750
756.510 68.500
756.810 69.000
757.110 69.500
757.410 70.000
757.710 70.000
758.010 70.750
758.310 71.500
758.610 71.750
758.910 72.250
759.210 73.000
759.510 73.500
759.810 74.000
760.110 74.750
760.410 75.250
760.710 75.750
761.010 76.000
761.310 76.750
761.610 76.500
761.910 77.750
762.210 78.750
762.510 78.500
762.810 79.000
763.110 80.500
763.410 80.750
763.710 80.500
764.010 81.500
764.310 82.000
764.610 82.500
764.910 83.250
765.210 83.250
765.510 84.250
765.810 85.000
766.110 85.750
766.410 86.000
766.710 85.750
767.010 87.000
767.310 87.250
767.610 88.250
767.910 88.500
768.210 89.250
768.510 89.500
768.810 90.000
769.110 91.250
769.410 91.500
769.710 92.000
770.010 92.750
770.310 92.750
770.610 93.000
770.910 93.750
771.210 94.750
771.510 95.750
771.810 96.250
772.110 96.500
772.410 96.750
772.710 97.500
773.010 97.750
773.310 98.750
773.610 99.000
773.910 99.500
774.210 100.250
774.510 101.000
774.810 101.750
775.110 101.750
775.410 102.750
775.710 102.750
776.010 103.250
776.310 104.500
776.610 104.750
776.910 104.750
777.210 105.500
777.510 106.500
777.810 107.000
778.110 107.500
778.410 108.000
778.710 108.500
779.010 108.750
779.310 109.500
779.610 110.000
779.910 110.750
780.210 111.250
780.510 111.500
780.810 112.250
781.110 113.250
781.410 113.250
781.710 113.500
782.010 114.750
782.310 115.250
782.610 115.500
782.910 116.000
783.210 117.000
783.510 117.250
783.810 117.750
784.110 118.750
784.410 119.000
784.710 119.750
785.010 120.500
785.310 120.750
785.610 120.750
785.910 121.500
786.210 122.500
786.510 123.000
786.810 123.500
787.110 123.500
787.410 124.250
787.710 124.750
788.010 125.750
788.310 126.000
788.610 126.750
788.910 127.000
789.210 127.500
789.510 128.500
789.810 128.750
790.110 129.750
790.410 129.750
790.710 130.500
791.010 130.750
791.310 131.250
791.610 131.500
791.910 132.750
792.210 133.000
792.510 133.750
792.810 134.250
793.110 134.750
793.410 135.000
793.710 136.000
794.010 136.000
794.310 137.000
794.610 136.750
794.910 138.000
795.210 138.250
795.510 139.000
795.810 139.250
796.110 139.750
796.410 140.000
796.710 140.750
797.010 141.500
797.310 141.500
797.610 142.500
797.910 143.000
798.210 143.750
798.510 144.000
798.810 144.250
799.110 144.750
799.410 145.500
799.710 146.000
800.010 146.500
800.310 147.000
800.610 147.250
800.910 148.000
801.210 148.500
801.510 148.500
801.810 149.500
802.110 150.000
802.410 150.250
802.710 150.000
803.010 151.500
803.310 151.750
803.610 152.750
803.910 152.750
804.210 153.500
804.510 154.250
804.810 154.250
805.110 154.750
805.410 155.500
805.710 155.750
806.010 156.000
806.310 156.750
806.610 157.500
806.910 157.750
807.210 158.750
807.510 158.750
807.810 159.500
808.110 160.000
808.410 160.000
808.710 161.000
809.010 161.250
809.310 161.750
809.610 162.000
809.910 163.000
810.210 163.250
810.510 163.500
810.810 164.250
811.110 165.000
811.410 165.000
811.710 165.750
812.010 166.000
812.310 166.500
812.610 167.250
812.910 167.750
813.210 168.000
813.510 168.250
813.810 169.250
814.110 169.250
814.410 170.000
814.710 170.000
815.010 170.500
815.310 171.250
815.610 171.250
815.910 172.000
816.210 172.250
816.510 173.000
816.810 173.250
817.110 173.750
817.410 173.750
817.710 175.250
818.010 175.500
818.310 176.000
818.610 176.250
818.910 176.750
819.210 176.750
819.510 177.500
819.810 178.000
820.110 178.000
820.410 178.750
820.710 179.250
821.010 179.250
821.310 180.250
821.610 180.500
821.910 180.750
822.210 181.500
822.510 182.000
822.810 182.250
823.110 183.000
823.410 183.500
823.710 183.750
824.010 184.500
824.310 184.250
824.610 185.250
824.910 185.750
825.210 186.000
825.510 186.500
825.810 186.750
826.110 187.000
826.410 188.250
826.710 188.500
827.010 188.000
827.310 188.750
827.610 189.500
827.910 189.750
828.210 190.000
828.510 190.500
828.810 191.000
829.110 191.750
829.410 191.750
829.710 192.500
830.010 193.000
830.310 193.500
830.610 193.750
830.910 194.500
831.210 194.250
831.510 194.750
831.810 195.500
832.110 196.000
832.410 196.250
832.710 196.500
833.010 197.500
833.310 197.000
833.610 198.250
833.910 198.250
834.210 198.750
834.510 199.250
834.810 199.750
835.110 199.750
835.410 200.500
835.710 200.750
836.010 201.500
836.310 201.750
836.610 202.250
836.910 202.500
837.210 202.500
837.510 203.250
837.810 203.250
838.110 204.250
838.410 204.500
838.710 204.750
839.010 205.000
839.310 205.750
839.610 205.750
839.910 205.750
840.210 206.750
840.510 206.750
840.810 207.500
841.110 208.000
841.410 207.750
841.710 208.500
842.010 209.000
842.310 208.750
842.610 209.500
842.910 209.500
843.210 210.250
843.510 210.000
843.810 210.750
844.110 211.000
844.410 211.500
844.710 211.750
845.010 211.500
845.310 211.750
845.610 212.250
845.910 212.750
846.210 212.750
846.510 213.250
846.810 213.000
847.110 213.250
847.410 213.250
847.710 213.250
848.010 213.500
848.310 213.750
848.610 214.250
848.910 214.500
849.210 214.000
849.510 214.500
849.810 214.750
850.110 214.750
850.410 214.750
850.710 215.250
851.010 214.500
851.310 215.250
851.610 215.500
851.910 215.250
852.210 215.750
852.510 215.500
852.810 215.750
853.110 215.500
853.410 215.500
853.710 215.750
854.010 215.500
854.310 215.750
854.610 214.750
854.910 215.500
855.210 215.500
855.510 215.000
855.810 215.500
856.110 215.250
856.410 215.000
856.710 215.000
857.010 215.000
857.310 214.750
857.610 215.250
857.910 215.250
858.210 215.000
858.510 214.750
858.810 214.750
859.110 214.750
859.410 214.250
859.710 213.750
860.010 213.750
860.310 214.500
860.610 213.750
860.910 214.000
861.210 213.750
861.510 213.750
861.810 213.250
862.110 213.250
862.410 213.500
862.710 213.000
863.010 213.250
863.310 213.000
863.610 212.750
863.910 212.500
864.210 212.000
864.510 212.500
864.810 212.000
865.110 211.500
865.410 211.750
865.710 211.250
866.010 210.750
866.310 210.500
866.610 211.250
866.910 210.750
867.210 210.500
867.510 210.250
867.810 210.000
868.110 209.500
868.410 209.000
868.710 209.250
869.010 209.000
869.310 208.750
869.610 208.250
869.910 208.000
870.210 207.750
870.510 208.000
870.810 208.000
871.110 207.500
871.410 207.500
871.710 207.250
872.010 206.750
872.310 206.000
872.610 205.750
872.910 206.250
873.210 206.000
873.510 205.250
873.810 205.000
874.110 204.750
874.410 204.500
874.710 204.250
875.010 203.750
875.310 203.750
875.610 203.750
875.910 203.000
876.210 203.000
876.510 203.000
876.810 202.500
877.110 202.250
877.410 202.000
877.710 201.750
878.010 201.500
878.310 201.250
878.610 200.750
878.910 200.500
879.210 200.500
879.510 199.750
879.810 199.500
880.110 199.000
880.410 199.250
880.710 198.750
881.010 198.500
881.310 198.500
881.610 197.750
881.910 197.500
882.210 197.000
882.510 196.500
882.810 196.750
883.110 196.000
883.410 196.250
883.710 195.500
884.010 195.750
884.310 195.250
884.610 195.000
884.910 194.750
885.210 194.250
885.510 194.250
885.810 193.500
886.110 193.500
886.410 193.250
886.710 192.750
887.010 192.000
887.310 192.500
887.610 192.250
887.910 192.000
888.210 191.250
888.510 190.750
888.810 190.750
889.110 190.750
889.410 190.500
889.710 190.250
890.010 189.500
890.310 188.500
890.610 189.000
890.910 188.500
891.210 188.500
891.510 188.000
891.810 187.500
892.110 187.500
892.410 187.500
892.710 187.000
893.010 187.000
893.310 186.250
893.610 186.500
893.910 185.500
894.210 185.000
894.510 185.250
894.810 184.250
895.110 184.250
895.410 184.250
895.710 183.750
896.010 183.500
896.310 183.250
896.610 183.000
896.910 183.000
897.210 182.500
897.510 182.000
897.810 181.500
898.110 181.500
898.410 181.250
898.710 181.000
899.010 180.750
899.310 180.500
899.610 180.000
899.910 179.750
900.210 179.500
900.510 179.000
900.810 178.500
901.110 179.000
901.410 178.250
901.710 177.500
902.010 177.750
902.310 177.500
902.610 177.000
902.910 176.250
903.210 176.500
903.510 176.500
903.810 175.000
904.110 175.500
904.410 175.500
904.710 174.500
905.010 174.750
905.310 174.500
905.610 174.250
905.910 174.000
906.210 174.000
906.510 173.250
906.810 172.500
907.110 172.750
907.410 172.500
907.710 171.750
908.010 171.750
908.310 170.750
908.610 171.250
908.910 170.750
909.210 171.000
909.510 170.000
909.810 169.500
910.110 169.750
910.410 169.500
910.710 169.250
911.010 168.500
911.310 168.500
911.610 168.500
911.910 168.000
912.210 167.750
912.510 167.500
912.810 167.250
913.110 167.000
913.410 166.750
913.710 166.000
914.010 166.000
914.310 165.500
914.610 165.500
914.910 165.250
915.210 165.000
915.510 164.250
915.810 164.750
916.110 164.250
916.410 164.000
916.710 163.000
917.010 163.000
917.310 163.000
917.610 163.000
917.910 162.750
918.210 162.500
918.510 161.750
918.810 161.750
919.110 161.500
919.410 161.250
919.710 161.000
920.010 160.500
920.310 160.250
920.610 159.750
920.910 159.500
921.210 159.250
921.510 159.500
921.810 159.000
922.110 158.750
922.410 158.500
922.710 157.750
923.010 157.750
923.310 157.500
923.610 157.750
923.910 156.750
924.210 156.750
924.510 156.500
924.810 156.250
925.110 156.000
925.410 155.750
925.710 155.750
926.010 155.250
926.310 155.250
926.610 154.500
926.910 154.500
927.210 154.500
927.510 153.500
927.810 153.750
928.110 153.250
928.410 153.500
928.710 153.000
929.010 152.750
929.310 152.250
929.610 152.250
929.910 151.750
930.210 151.750
930.510 151.750
930.810 151.250
931.110 151.250
931.410 150.750
931.710 150.500
932.010 150.250
932.310 149.750
932.610 149.500
932.910 149.500
933.210 149.000
933.510 148.500
933.810 148.500
934.110 148.500
934.410 148.000
934.710 147.750
935.010 147.250
935.310 147.500
935.610 147.500
935.910 146.750
936.210 147.000
936.510 146.500
936.810 146.250
937.110 145.500
937.410 146.000
937.710 145.500
938.010 145.250
938.310 144.750
938.610 145.000
938.910 145.000
939.210 144.000
939.510 144.250
939.810 144.000
940.110 143.500
940.410 143.500
940.710 143.250
941.010 143.250
941.310 142.000
941.610 142.750
941.910 142.500
942.210 142.250
942.510 141.500
942.810 141.500
943.110 140.750
943.410 141.000
943.710 140.500
944.010 140.500
944.310 140.500
944.610 140.000
944.910 140.000
945.210 139.750
945.510 139.750
945.810 139.250
946.110 138.750
946.410 139.000
946.710 138.500
947.010 138.750
947.310 138.250
947.610 137.750
947.910 138.000
948.210 137.000
948.510 137.250
948.810 137.500
949.110 136.500
949.410 136.750
949.710 136.250
950.010 135.500
950.310 136.000
950.610 136.000
950.910 135.750
951.210 135.250
951.510 135.500
951.810 135.250
952.110 134.750
952.410 134.750
952.710 133.750
953.010 134.250
953.310 133.500
953.610 133.750
953.910 133.500
954.210 133.250
954.510 133.000
954.810 133.000
955.110 133.000
955.410 132.500
955.710 132.250
956.010 132.000
956.310 131.250
956.610 131.500
956.910 131.500
957.210 131.000
957.510 130.500
957.810 130.500
958.110 130.500
958.410 129.750
958.710 130.250
959.010 130.000
959.310 129.250
959.610 129.250
959.910 129.000
960.210 129.000
960.510 128.500
960.810 128.500
961.110 128.500
961.410 128.500
961.710 128.000
962.010 127.750
962.310 127.750
962.610 127.000
962.910 127.000
963.210 127.250
963.510 126.750
963.810 126.500
964.110 126.250
964.410 126.250
964.710 126.000
965.010 125.500
965.310 125.500
965.610 125.250
965.910 125.000
966.210 125.250
966.510 124.750
966.810 124.750
967.110 124.000
967.410 124.500
967.710 123.750
968.010 123.750
968.310 123.750
968.610 123.250
968.910 123.500
969.210 122.750
969.510 123.000
969.810 122.500
970.110 122.750
970.410 122.500
970.710 121.750
971.010 122.000
971.310 121.750
971.610 121.500
971.910 121.500
972.210 121.000
972.510 120.750
972.810 120.750
973.110 120.750
973.410 120.500
973.710 120.000
974.010 119.750
974.310 119.750
974.610 119.500
974.910 119.250
975.210 119.250
975.510 119.000
975.810 118.750
976.110 119.250
976.410 118.250
976.710 118.250
977.010 118.250
977.310 118.000
977.610 117.750
977.910 117.000
978.210 117.500
978.510 117.000
978.810 116.750
979.110 116.750
979.410 116.750
979.710 116.750
980.010 116.250
980.310 116.250
980.610 115.500
980.910 115.500
981.210 115.500
981.510 115.750
981.810 115.500
982.110 115.250
982.410 114.500
982.710 115.000
983.010 114.250
983.310 114.250
983.610 114.500
983.910 114.250
984.210 113.750
984.510 113.750
984.810 113.750
985.110 113.500
985.410 113.000
985.710 113.250
986.010 112.750
986.310 112.750
986.610 112.250
986.910 112.250
987.210 112.250
987.510 112.250
987.810 111.500
988.110 111.750
988.410 111.750
988.710 111.000
989.010 111.000
989.310 111.500
989.610 110.750
989.910 110.500
990.210 110.500
990.510 110.000
990.810 109.750
991.110 110.250
991.410 109.500
991.710 109.750
992.010 110.250
992.310 109.000
992.610 109.500
992.910 109.000
993.210 109.000
993.510 109.000
993.810 109.000
994.110 108.000
994.410 108.500
994.710 108.250
995.010 107.750
995.310 107.250
995.610 107.750
995.910 107.750
996.210 107.250
996.510 106.750
996.810 107.000
997.110 106.750
997.410 107.000
997.710 106.500
998.010 106.000
998.310 105.750
998.610 106.000
998.910 106.000
999.210 105.500
999.510 105.250
999.810 105.500
1000.110 105.000
1000.410 105.000
1000.710 105.250
1001.010 104.250
1001.310 104.750
1001.610 104.750
1001.910 103.750
1002.210 104.250
1002.510 104.000
1002.810 103.750
1003.110 104.000
1003.410 104.000
1003.710 103.500
1004.010 103.250
1004.310 103.250
1004.610 102.500
1004.910 103.000
1005.210 102.500
1005.510 101.750
1005.810 102.500
1006.110 102.250
1006.410 102.500
1006.710 102.250
1007.010 102.000
1007.310 101.500
1007.610 101.250
1007.910 101.250
1008.210 101.250
1008.510 101.250
1008.810 100.750
1009.110 100.500
1009.410 100.750
1009.710 100.500
1010.010 100.500
1010.310 100.250
1010.610 99.750
1010.910 100.000
1011.210 100.000
1011.510 99.500
1011.810 99.750
1012.110 99.000
1012.410 98.500
1012.710 99.250
1013.010 98.750
1013.310 98.500
1013.610 98.750
1013.910 98.250
1014.210 97.750
1014.510 98.000
1014.810 97.750
1015.110 97.500
1015.410 97.750
1015.710 97.000
1016.010 97.500
1016.310 97.500
1016.610 97.250
1016.910 96.500
1017.210 96.500
1017.510 96.500
1017.810 96.250
1018.110 96.750
1018.410 96.500
1018.710 96.250
1019.010 96.250
1019.310 95.750
1019.610 96.000
1019.910 95.750
1020.210 95.500
1020.510 94.750
1020.810 95.000
1021.110 94.750
1021.410 94.500
1021.710 95.250
1022.010 94.750
1022.310 94.500
1022.610 94.500
1022.910 94.500
1023.210 94.500
1023.510 94.250
1023.810 93.750
1024.110 93.500
1024.410 93.750
1024.710 93.000
1025.010 93.500
1025.310 93.500
1025.610 93.250
1025.910 92.500
1026.210 92.500
1026.510 93.000
1026.810 92.500
1027.110 92.000
1027.410 92.250
1027.710 92.000
1028.010 91.500
1028.310 92.250
1028.610 92.000
1028.910 92.000
1029.210 91.500
1029.510 91.250
1029.810 91.250
1030.110 91.250
1030.410 90.500
1030.710 91.000
1031.010 90.750
1031.310 91.000
1031.610 90.500
1031.910 90.500
1032.210 90.750
1032.510 90.500
1032.810 89.750
1033.110 90.250
1033.410 90.000
1033.710 89.750
1034.010 89.250
1034.310 89.750
1034.610 88.750
1034.910 89.500
1035.210 89.500
1035.510 89.250
1035.810 88.750
1036.110 88.500
1036.410 88.750
1036.710 88.750
1037.010 88.250
1037.310 88.000
1037.610 87.750
1037.910 87.750
1038.210 88.250
1038.510 88.000
1038.810 87.750
1039.110 87.750
1039.410 87.500
1039.710 87.500
1040.010 87.000
1040.310 87.250
1040.610 86.750
1040.910 87.000
1041.210 86.750
1041.510 86.750
1041.810 86.750
1042.110 86.250
1042.410 86.500
1042.710 86.000
1043.010 86.500
1043.310 86.000
1043.610 85.500
1043.910 85.500
1044.210 86.000
1044.510 85.250
1044.810 85.750
1045.110 85.500
1045.410 85.250
1045.710 85.250
1046.010 85.250
1046.310 84.750
1046.610 84.250
1046.910 84.250
1047.210 84.500
1047.510 84.500
1047.810 84.250
1048.110 84.000
1048.410 84.000
1048.710 84.000
1049.010 84.000
1049.310 84.000
1049.610 83.250
1049.910 83.500
1050.210 82.750
1050.510 83.250
1050.810 83.250
1051.110 83.250
1051.410 83.000
1051.710 82.500
1052.010 82.750
1052.310 82.750
1052.610 82.250
1052.910 82.250
1053.210 82.250
1053.510 82.500
1053.810 82.000
1054.110 82.500
1054.410 82.000
1054.710 82.000
1055.010 81.500
1055.310 81.750
1055.610 81.500
1055.910 81.500
1056.210 81.000
1056.510 81.500
1056.810 80.250
1057.110 81.000
1057.410 80.750
1057.710 81.000
1058.010 80.750
1058.310 80.750
1058.610 80.250
1058.910 80.250
1059.210 80.000
1059.510 80.000
1059.810 80.250
1060.110 79.250
1060.410 79.250
1060.710 80.000
1061.010 79.750
1061.310 79.750
1061.610 79.500
1061.910 79.000
1062.210 79.000
1062.510 79.500
1062.810 79.000
1063.110 78.250
1063.410 78.500
1063.710 78.500
1064.010 78.250
1064.310 78.750
1064.610 78.500
1064.910 78.500
1065.210 78.500
1065.510 78.250
1065.810 77.750
1066.110 77.500
1066.410 77.750
1066.710 78.000
1067.010 77.500
1067.310 77.500
1067.610 77.500
1067.910 77.500
1068.210 77.000
1068.510 77.250
1068.810 76.750
1069.110 77.000
1069.410 77.000
1069.710 76.750
1070.010 77.000
1070.310 77.000
1070.610 76.250
1070.910 76.250
1071.210 76.500
1071.510 76.250
1071.810 76.250
1072.110 75.500
1072.410 76.000
1072.710 75.750
1073.010 75.500
1073.310 76.000
1073.610 75.500
1073.910 75.000
1074.210 75.750
1074.510 75.250
1074.810 75.250
1075.110 75.250
1075.410 74.750
1075.710 75.000
1076.010 74.500
1076.310 74.500
1076.610 75.000
1076.910 74.500
1077.210 74.500
1077.510 74.750
1077.810 74.000
1078.110 74.250
1078.410 74.000
1078.710 74.000
1079.010 73.500
1079.310 74.000
1079.610 73.750
1079.910 73.250
1080.210 73.750
1080.510 73.500
1080.810 73.500
1081.110 73.250
1081.410 73.000
1081.710 73.250
1082.010 73.000
1082.310 72.750
1082.610 72.250
1082.910 72.750
1083.210 72.500
1083.510 72.250
1083.810 72.250
1084.110 72.250
1084.410 72.250
1084.710 72.000
1085.010 72.000
1085.310 72.250
1085.610 71.750
1085.910 71.750
1086.210 71.750
1086.510 71.250
1086.810 71.000
1087.110 72.000
1087.410 71.500
1087.710 71.000
1088.010 71.000
1088.310 71.250
1088.610 71.250
1088.910 71.000
1089.210 70.750
1089.510 70.750
1089.810 70.250
1090.110 70.500
1090.410 70.500
1090.710 70.250
1091.010 70.000
1091.310 70.250
1091.610 70.250
1091.910 70.250
1092.210 70.250
1092.510 70.000
1092.810 70.250
1093.110 70.000
1093.410 69.750
1093.710 69.750
1094.010 69.500
1094.310 69.250
1094.610 69.750
1094.910 69.500
1095.210 69.500
1095.510 69.250
1095.810 68.750
1096.110 68.750
1096.410 69.000
1096.710 69.250
1097.010 69.000
1097.310 68.250
1097.610 68.500
1097.910 68.750
1098.210 67.750
1098.510 68.250
1098.810 68.000
1099.110 68.000
1099.410 68.250
1099.710 68.000
1100.010 68.000
1100.310 68.000
1100.610 68.000
1100.910 67.750
1101.210 67.250
1101.510 67.250
1101.810 67.500
1102.110 67.500
1102.410 67.500
1102.710 66.750
1103.010 67.250
1103.310 67.250
1103.610 66.500
1103.910 66.500
1104.210 66.750
1104.510 66.500
1104.810 66.250
1105.110 66.750
1105.410 66.750
1105.710 66.250
1106.010 66.250
1106.310 66.500
1106.610 66.250
1106.910 66.250
1107.210 66.000
1107.510 66.250
1107.810 65.750
1108.110 66.000
1108.410 66.000
1108.710 66.000
1109.010 65.750
1109.310 65.750
1109.610 65.750
1109.910 65.500
1110.210 65.500
1110.510 65.500
1110.810 65.000
1111.110 65.250
1111.410 65.250
1111.710 64.750
1112.010 65.000
1112.310 64.500
1112.610 64.750
1112.910 64.500
1113.210 64.250
1113.510 64.750
1113.810 64.250
1114.110 64.500
1114.410 64.250
1114.710 64.000
1115.010 64.250
1115.310 63.750
1115.610 64.250
1115.910 64.500
1116.210 64.500
1116.510 64.000
1116.810 64.000
1117.110 64.000
1117.410 63.750
1117.710 63.000
1118.010 63.500
1118.310 63.500
1118.610 63.500
1118.910 63.500
1119.210 63.000
1119.510 63.000
1119.810 63.000
1120.110 63.250
1120.410 62.750
1120.710 63.000
1121.010 62.500
1121.310 63.000
1121.610 62.500
1121.910 62.750
1122.210 62.500
1122.510 62.000
1122.810 62.250
1123.110 62.250
1123.410 62.250
1123.710 62.000
1124.010 62.500
1124.310 62.000
1124.610 62.000
1124.910 62.000
1125.210 62.000
1125.510 61.500
1125.810 61.750
1126.110 61.750
1126.410 62.000
1126.710 61.500
1127.010 61.500
1127.310 61.250
1127.610 61.000
1127.910 61.000
1128.210 61.250
1128.510 61.250
1128.810 61.250
1129.110 61.250
1129.410 61.250
1129.710 61.000
1130.010 61.000
1130.310 60.750
1130.610 60.250
1130.910 60.500
1131.210 60.250
1131.510 60.750
1131.810 60.750
1132.110 60.500
1132.410 60.000
1132.710 60.250
1133.010 60.250
1133.310 59.750
1133.610 59.750
1133.910 59.500
1134.210 60.250
1134.510 59.750
1134.810 59.000
1135.110 59.250
1135.410 59.000
1135.710 59.750
1136.010 59.750
1136.310 59.500
1136.610 58.750
1136.910 59.500
1137.210 60.000
1137.510 58.750
1137.810 59.000
1138.110 59.000
1138.410 59.000
1138.710 58.750
1139.010 59.000
1139.310 58.750
1139.610 58.750
1139.910 58.750
1140.210 58.500
1140.510 58.250
1140.810 58.500
1141.110 58.500
1141.410 58.250
1141.710 58.500
1142.010 58.250
1142.310 58.000
1142.610 58.750
1142.910 58.000
1143.210 58.250
1143.510 58.250
1143.810 58.000
1144.110 57.500
1144.410 57.750
1144.710 57.750
1145.010 58.000
1145.310 57.250
1145.610 57.500
1145.910 58.000
1146.210 57.000
1146.510 57.500
1146.810 57.500
1147.110 57.250
1147.410 57.000
1147.710 57.250
1148.010 57.500
1148.310 57.250
1148.610 56.750
1148.910 57.000
1149.210 56.750
1149.510 56.750
1149.810 56.750
1150.110 56.500
1150.410 57.000
1150.710 56.000
1151.010 56.750
1151.310 56.500
1151.610 56.250
1151.910 56.250
1152.210 56.500
1152.510 56.500
1152.810 56.250
1153.110 56.250
1153.410 56.250
1153.710 55.750
1154.010 55.750
1154.310 55.750
1154.610 55.750
1154.910 55.750
1155.210 55.500
1155.510 55.750
1155.810 56.000
1156.110 55.750
1156.410 55.500
1156.710 55.250
1157.010 55.500
1157.310 55.500
1157.610 55.750
1157.910 55.500
1158.210 55.250
1158.510 54.750
1158.810 55.250
1159.110 55.000
1159.410 54.750
1159.710 54.750
1160.010 55.000
1160.310 55.000
1160.610 55.000
1160.910 54.500
1161.210 54.250
1161.510 54.750
1161.810 55.250
1162.110 54.750
1162.410 54.500
1162.710 54.250
1163.010 53.750
1163.310 54.000
1163.610 54.500
1163.910 54.750
1164.210 54.500
1164.510 54.000
1164.810 54.000
1165.110 53.750
1165.410 53.250
1165.710 53.000
1166.010 54.000
1166.310 53.750
1166.610 53.250
1166.910 54.000
1167.210 53.250
1167.510 53.500
1167.810 53.750
1168.110 53.250
1168.410 53.750
1168.710 53.750
1169.010 53.500
1169.310 53.250
1169.610 53.250
1169.910 53.500
1170.210 52.750
1170.510 53.000
1170.810 52.750
1171.110 53.000
1171.410 53.000
1171.710 52.750
1172.010 52.750
1172.310 53.000
1172.610 52.750
1172.910 52.000
1173.210 52.750
1173.510 53.000
1173.810 52.750
1174.110 52.500
1174.410 52.250
1174.710 52.500
1175.010 52.250
1175.310 52.250
1175.610 52.000
1175.910 52.000
1176.210 52.000
1176.510 52.000
1176.810 51.250
1177.110 52.250
1177.410 51.750
1177.710 51.750
1178.010 51.750
1178.310 52.000
1178.610 51.750
1178.910 51.500
1179.210 51.750
1179.510 51.750
1179.810 51.750
1180.110 51.750
1180.410 51.500
1180.710 51.500
1181.010 51.000
1181.310 51.250
1181.610 51.500
1181.910 51.000
1182.210 51.250
1182.510 51.500
1182.810 51.000
1183.110 51.250
1183.410 51.000
1183.710 51.250
1184.010 50.750
1184.310 50.750
1184.610 51.000
1184.910 50.750
1185.210 51.000
1185.510 50.750
1185.810 50.000
1186.110 50.500
1186.410 50.500
1186.710 50.750
1187.010 50.250
1187.310 49.750
1187.610 50.000
1187.910 49.750
1188.210 50.250
1188.510 50.000
1188.810 50.500
1189.110 50.250
1189.410 50.250
1189.710 50.250
1190.010 50.250
1190.310 49.750
1190.610 49.750
1190.910 50.000
1191.210 50.000
1191.510 49.500
1191.810 49.500
1192.110 49.750
1192.410 49.750
1192.710 49.750
1193.010 49.500
1193.310 49.250
1193.610 49.750
1193.910 49.750
1194.210 49.500
1194.510 49.500
1194.810 49.500
1195.110 49.250
1195.410 49.500
1195.710 49.500
1196.010 49.250
1196.310 49.250
1196.610 49.250
1196.910 48.500
1197.210 49.250
1197.510 49.000
1197.810 48.750
1198.110 48.500
1198.410 48.750
1198.710 49.000
1199.010 48.750
1199.310 49.000
1199.610 48.750
1199.910 48.500
1200.210 48.750
1200.510 48.500
1200.810 48.250
1201.110 48.500
1201.410 48.250
1201.710 48.500
1202.010 48.500
1202.310 48.500
1202.610 48.500
1202.910 48.250
1203.210 48.250
1203.510 48.250
1203.810 48.250
1204.110 48.000
1204.410 48.250
1204.710 47.750
1205.010 48.000
1205.310 48.000
1205.610 48.000
1205.910 47.500
1206.210 48.000
1206.510 47.750
1206.810 47.000
1207.110 47.750
1207.410 47.750
1207.710 47.250
1208.010 47.750
1208.310 47.750
1208.610 47.750
1208.910 47.250
1209.210 47.000
1209.510 47.000
1209.810 47.750
1210.110 47.000
1210.410 46.750
1210.710 47.250
1211.010 47.250
1211.310 47.750
1211.610 46.750
1211.910 46.500
1212.210 46.500
1212.510 47.000
1212.810 46.500
1213.110 47.000
1213.410 47.250
1213.710 47.000
1214.010 47.000
1214.310 46.500
1214.610 46.000
1214.910 46.750
1215.210 46.750
1215.510 46.250
1215.810 46.750
1216.110 46.500
1216.410 46.250
1216.710 47.000
1217.010 46.250
1217.310 46.500
1217.610 46.500
1217.910 46.250
1218.210 46.250
1218.510 46.000
1218.810 46.250
1219.110 46.250
1219.410 46.250
1219.710 46.250
1220.010 46.250
1220.310 46.250
1220.610 45.750
1220.910 46.000
1221.210 45.500
1221.510 45.750
1221.810 45.750
1222.110 45.250
1222.410 45.750
1222.710 45.750
1223.010 45.750
1223.310 45.500
1223.610 45.750
1223.910 45.250
1224.210 45.750
1224.510 45.500
1224.810 45.500
1225.110 45.000
1225.410 45.250
1225.710 45.250
1226.010 45.250
1226.310 45.250
1226.610 45.500
1226.910 45.250
1227.210 45.250
1227.510 45.250
1227.810 45.250
1228.110 44.750
1228.410 45.000
1228.710 45.250
1229.010 45.000
1229.310 44.750
1229.610 45.000
1229.910 44.250
1230.210 44.750
1230.510 44.250
1230.810 44.500
1231.110 44.750
1231.410 44.000
1231.710 44.000
1232.010 44.500
1232.310 44.500
1232.610 43.750
1232.910 44.250
1233.210 44.000
1233.510 44.500
1233.810 44.500
1234.110 44.000
1234.410 44.250
1234.710 44.500
1235.010 44.250
1235.310 44.250
1235.610 43.750
1235.910 44.250
1236.210 44.000
1236.510 44.250
1236.810 44.250
1237.110 44.000
1237.410 43.750
1237.710 44.250
1238.010 43.500
1238.310 43.750
1238.610 43.750
1238.910 43.750
1239.210 44.250
1239.510 43.750
1239.810 43.750
1240.110 43.750
1240.410 43.750
1240.710 43.750
1241.010 43.750
1241.310 43.000
1241.610 44.000
1241.910 43.000
1242.210 43.500
1242.510 43.500
1242.810 43.000
1243.110 43.000
1243.410 43.000
1243.710 43.000
1244.010 43.500
1244.310 43.000
1244.610 42.750
1244.910 43.000
1245.210 43.250
1245.510 43.250
1245.810 43.250
1246.110 43.000
1246.410 43.250
1246.710 42.750
1247.010 42.750
1247.310 43.000
1247.610 42.750
1247.910 42.750
1248.210 42.750
1248.510 42.500
1248.810 42.750
1249.110 43.000
1249.410 42.000
1249.710 43.000
1250.010 42.500
1250.310 42.750
1250.610 42.250
1250.910 42.250
1251.210 42.500
1251.510 42.500
1251.810 42.750
1252.110 42.500
1252.410 42.500
1252.710 42.000
1253.010 42.000
1253.310 42.250
1253.610 41.500
1253.910 42.500
1254.210 42.000
1254.510 42.250
1254.810 42.500
1255.110 42.500
1255.410 42.000
1255.710 42.000
1256.010 41.750
1256.310 42.000
1256.610 42.000
1256.910 41.750
1257.210 42.250
1257.510 41.500
1257.810 42.000
1258.110 41.750
1258.410 42.000
1258.710 41.500
1259.010 42.000
1259.310 42.000
1259.610 42.000
1259.910 41.750
1260.210 41.750
1260.510 41.750
1260.810 42.000
1261.110 41.750
1261.410 42.000
1261.710 42.000
1262.010 41.500
1262.310 41.500
1262.610 41.500
1262.910 40.750
1263.210 41.250
1263.510 41.500
1263.810 41.500
1264.110 42.000
1264.410 41.000
1264.710 41.750
1265.010 41.500
1265.310 41.500
1265.610 41.000
1265.910 41.250
1266.210 41.250
1266.510 41.250
1266.810 41.250
1267.110 40.750
1267.410 41.500
1267.710 41.250
1268.010 40.750
1268.310 41.500
1268.610 40.250
1268.910 41.250
1269.210 40.750
1269.510 41.250
1269.810 41.000
1270.110 41.000
1270.410 40.500
1270.710 40.250
1271.010 41.000
1271.310 40.750
1271.610 40.250
1271.910 40.750
1272.210 40.000
1272.510 41.000
1272.810 41.000
1273.110 41.000
1273.410 41.000
1273.710 40.500
1274.010 40.750
1274.310 41.250
1274.610 40.500
1274.910 40.750
1275.210 40.750
1275.510 40.750
1275.810 40.250
1276.110 41.000
1276.410 40.750
1276.710 40.500
1277.010 40.500
1277.310 40.500
1277.610 39.750
phase overshoot_fan start: 2488
phase overshoot start: 375
phase cooldown_fan start: 2508
phase cooldown start: 444
phase done start: 3962
phase heatup_fan start: 2111
phase heatup start: 0
