pwm: 134.210 1.000
pwm: 249.110 0.000
133.910 22.000
134.210 22.250
134.510 22.000
134.810 21.750
135.110 22.250
135.410 22.000
135.710 22.250
136.010 22.000
136.310 22.000
136.610 21.500
136.910 22.250
137.210 22.250
137.510 22.500
137.810 21.750
138.110 21.750
138.410 22.000
138.710 21.750
139.010 22.000
139.310 21.750
139.610 22.250
139.910 22.750
140.210 22.500
140.510 22.000
140.810 22.250
141.110 22.000
141.410 22.500
141.710 22.250
142.010 22.500
142.310 22.500
142.610 23.000
142.910 23.250
143.210 23.250
143.510 23.250
143.810 23.250
144.110 23.250
144.410 23.000
144.710 23.500
145.010 23.250
145.310 24.000
145.610 24.250
145.910 24.500
146.210 24.750
146.510 24.500
146.810 24.750
147.110 25.000
147.410 25.000
147.710 24.750
148.010 25.250
148.310 26.000
148.610 26.000
148.910 26.500
149.210 27.000
149.510 27.000
149.810 27.000
150.110 27.500
150.410 28.250
150.710 28.250
151.010 28.500
151.310 29.000
151.610 29.000
151.910 29.500
152.210 29.750
152.510 29.750
152.810 30.500
153.110 30.750
153.410 30.750
153.710 31.500
154.010 31.500
154.310 32.250
154.610 32.500
154.910 33.000
155.210 33.250
155.510 33.750
155.810 34.250
156.110 34.500
156.410 35.000
156.710 35.500
157.010 35.500
157.310 36.000
157.610 36.250
157.910 36.750
158.210 37.250
158.510 37.500
158.810 38.000
159.110 38.750
159.410 38.750
159.710 39.250
160.010 40.000
160.310 40.250
160.610 40.750
160.910 41.250
161.210 41.500
161.510 42.000
161.810 43.250
162.110 43.250
162.410 43.000
162.710 44.000
163.010 45.000
163.310 45.500
163.610 46.000
163.910 46.250
164.210 46.500
164.510 47.000
164.810 47.750
165.110 48.000
165.410 49.250
165.710 49.250
166.010 50.500
166.310 50.250
166.610 51.250
166.910 51.750
167.210 51.500
167.510 52.250
167.810 53.250
168.110 54.000
168.410 54.250
168.710 54.500
169.010 55.500
169.310 56.000
169.610 56.750
169.910 57.000
170.210 57.750
170.510 58.000
170.810 58.500
171.110 59.500
171.410 59.750
171.710 60.750
172.010 61.500
172.310 61.750
172.610 61.750
172.910 63.250
173.210 63.500
173.510 64.000
173.810 65.000
174.110 65.000
174.410 66.000
174.710 66.500
175.010 67.000
175.310 67.500
175.610 68.250
175.910 68.250
176.210 69.000
176.510 69.750
176.810 70.500
177.110 70.500
177.410 71.250
177.710 72.000
178.010 72.750
178.310 73.250
178.610 73.750
178.910 74.500
179.210 74.750
179.510 76.000
179.810 76.250
180.110 76.500
180.410 77.500
180.710 78.250
181.010 78.500
181.310 79.000
181.610 79.500
181.910 80.250
182.210 81.000
182.510 81.750
182.810 82.250
183.110 82.750
183.410 83.750
183.710 84.000
184.010 84.500
184.310 85.250
184.610 85.500
184.910 86.000
185.210 87.000
185.510 87.250
185.810 88.500
186.110 88.750
186.410 89.250
186.710 90.000
187.010 91.000
187.310 91.250
187.610 92.000
187.910 92.500
188.210 93.000
188.510 94.000
188.810 94.250
189.110 94.500
189.410 95.000
189.710 96.000
190.010 96.500
190.310 96.750
190.610 97.250
190.910 98.500
191.210 99.000
191.510 99.750
191.810 99.500
192.110 100.750
192.410 101.500
192.710 102.000
193.010 102.500
193.310 103.250
193.610 103.500
193.910 104.750
194.210 105.000
194.510 105.250
194.810 105.750
195.110 106.250
195.410 106.750
195.710 108.000
196.010 108.000
196.310 109.000
196.610 109.250
196.910 110.250
197.210 110.750
197.510 110.750
197.810 111.750
198.110 112.250
198.410 113.250
198.710 113.000
199.010 113.750
199.310 114.750
199.610 115.250
199.910 115.750
200.210 116.250
200.510 117.000
200.810 117.500
201.110 118.500
201.410 118.750
201.710 118.750
202.010 119.750
202.310 120.000
202.610 120.500
202.910 121.250
203.210 121.750
203.510 122.500
203.810 122.750
204.110 123.750
204.410 124.250
204.710 124.250
205.010 125.250
205.310 126.250
205.610 126.250
205.910 127.000
206.210 127.250
206.510 128.000
206.810 128.750
207.110 129.000
207.410 129.500
207.710 130.500
208.010 130.750
208.310 131.500
208.610 131.750
208.910 132.250
209.210 133.000
209.510 133.500
209.810 134.000
210.110 134.000
210.410 135.000
210.710 136.000
211.010 136.750
211.310 136.250
211.610 137.750
211.910 138.000
212.210 138.250
212.510 138.750
212.810 139.750
213.110 140.250
213.410 141.000
213.710 141.500
214.010 142.250
214.310 142.750
214.610 143.250
214.910 143.750
215.210 144.750
215.510 144.250
215.810 145.250
216.110 145.750
216.410 146.750
216.710 147.250
217.010 148.000
217.310 148.250
217.610 149.000
217.910 149.000
218.210 150.000
218.510 150.000
218.810 150.750
219.110 151.750
219.410 152.000
219.710 152.750
220.010 153.250
220.310 154.000
220.610 154.000
220.910 154.750
221.210 155.500
221.510 156.000
221.810 156.000
222.110 156.250
222.410 157.500
222.710 158.250
223.010 158.250
223.310 159.000
223.610 159.750
223.910 160.250
224.210 160.000
224.510 161.500
224.810 161.250
225.110 162.000
225.410 162.750
225.710 163.000
226.010 163.250
226.310 164.500
226.610 164.750
226.910 165.250
227.210 165.750
227.510 166.250
227.810 166.500
228.110 167.000
228.410 167.250
228.710 168.500
229.010 168.750
229.310 169.000
229.610 170.000
229.910 170.250
230.210 171.000
230.510 171.000
230.810 171.500
231.110 172.250
231.410 172.750
231.710 173.250
232.010 173.750
232.310 173.500
232.610 174.750
232.910 175.250
233.210 175.500
233.510 175.750
233.810 176.750
234.110 177.250
234.410 177.500
234.710 178.250
235.010 178.250
235.310 179.000
235.610 179.750
235.910 179.500
236.210 180.500
236.510 180.750
236.810 181.750
237.110 182.000
237.410 182.750
237.710 183.250
238.010 183.500
238.310 184.250
238.610 184.250
238.910 185.250
239.210 184.750
239.510 185.750
239.810 186.500
240.110 186.250
240.410 187.500
240.710 187.500
241.010 188.500
241.310 188.500
241.610 189.250
241.910 189.500
242.210 190.250
242.510 190.500
242.810 190.750
243.110 191.750
243.410 192.000
243.710 192.250
244.010 193.000
244.310 193.250
244.610 193.500
244.910 194.250
245.210 194.500
245.510 194.750
245.810 195.750
246.110 196.250
246.410 196.500
246.710 196.750
247.010 197.500
247.310 197.750
247.610 198.250
247.910 198.750
248.210 199.500
248.510 199.750
248.810 200.250
249.110 200.500
249.410 201.000
249.710 201.500
250.010 201.750
250.310 202.500
250.610 202.750
250.910 203.250
251.210 202.750
251.510 204.500
251.810 204.500
252.110 204.750
252.410 205.250
252.710 205.750
253.010 206.000
253.310 206.500
253.610 207.000
253.910 207.250
254.210 207.500
254.510 208.250
254.810 208.500
255.110 209.250
255.410 209.000
255.710 209.750
256.010 210.250
256.310 210.250
256.610 210.750
256.910 211.000
257.210 211.500
257.510 211.750
257.810 212.250
258.110 212.250
258.410 212.750
258.710 213.000
259.010 213.500
259.310 213.500
259.610 213.750
259.910 214.250
260.210 214.250
260.510 214.750
260.810 214.750
261.110 214.750
261.410 215.750
261.710 215.500
262.010 215.750
262.310 216.000
262.610 216.000
262.910 216.500
263.210 216.500
263.510 216.500
263.810 217.000
264.110 217.000
264.410 217.250
264.710 217.250
265.010 217.250
265.310 217.250
265.610 217.500
265.910 217.500
266.210 218.000
266.510 217.750
266.810 217.750
267.110 217.750
267.410 217.500
267.710 218.000
268.010 217.750
268.310 218.500
268.610 218.500
268.910 218.500
269.210 218.250
269.510 218.000
269.810 218.250
270.110 218.250
270.410 218.250
270.710 218.500
271.010 218.000
271.310 218.000
271.610 218.500
271.910 218.000
272.210 218.250
272.510 218.500
272.810 217.750
273.110 218.250
273.410 218.250
273.710 218.000
274.010 218.250
274.310 217.750
274.610 218.000
274.910 217.500
275.210 217.250
275.510 217.250
275.810 217.000
276.110 217.500
276.410 217.250
276.710 217.000
277.010 216.500
277.310 216.750
277.610 216.750
277.910 216.250
278.210 216.250
278.510 216.250
278.810 216.250
279.110 216.000
279.410 216.000
279.710 215.750
280.010 215.000
280.310 215.250
280.610 215.000
280.910 215.000
281.210 214.750
281.510 214.500
281.810 214.500
282.110 214.500
282.410 214.250
282.710 214.250
283.010 213.250
283.310 213.750
283.610 213.250
283.910 213.500
284.210 213.500
284.510 212.750
284.810 212.500
285.110 212.000
285.410 211.500
285.710 212.000
286.010 212.000
286.310 211.750
286.610 211.750
286.910 211.250
287.210 211.000
287.510 211.000
287.810 210.750
288.110 210.500
288.410 210.000
288.710 210.500
289.010 210.000
289.310 209.500
289.610 209.250
289.910 209.250
290.210 209.000
290.510 208.750
290.810 208.750
291.110 208.250
291.410 208.250
291.710 207.500
292.010 208.000
292.310 207.250
292.610 207.000
292.910 207.000
293.210 207.000
293.510 206.250
293.810 206.000
294.110 206.250
294.410 205.750
294.710 205.250
295.010 204.500
295.310 204.500
295.610 204.750
295.910 204.250
296.210 204.250
296.510 204.000
296.810 203.250
297.110 203.250
297.410 203.500
297.710 202.750
298.010 202.250
298.310 202.500
298.610 202.000
298.910 201.250
299.210 201.250
299.510 201.500
299.810 201.000
300.110 201.000
300.410 200.250
300.710 199.750
301.010 199.750
301.310 199.250
301.610 199.500
301.910 198.500
302.210 199.000
302.510 198.500
302.810 198.500
303.110 198.000
303.410 197.750
303.710 197.500
304.010 197.250
304.310 196.250
304.610 196.000
304.910 196.250
305.210 196.000
305.510 195.750
305.810 195.500
306.110 195.000
306.410 195.000
306.710 194.250
307.010 194.250
307.310 193.750
307.610 193.500
307.910 193.500
308.210 193.250
308.510 193.000
308.810 192.750
309.110 192.250
309.410 192.000
309.710 191.750
310.010 190.750
310.310 191.500
310.610 191.250
310.910 190.500
311.210 190.750
311.510 190.250
311.810 189.250
312.110 189.500
312.410 189.500
312.710 189.250
313.010 189.000
313.310 188.750
313.610 188.000
313.910 188.000
314.210 187.000
314.510 186.750
314.810 186.750
315.110 187.000
315.410 186.500
315.710 186.500
316.010 185.750
316.310 186.000
316.610 185.750
316.910 185.000
317.210 184.750
317.510 184.750
317.810 184.500
318.110 184.000
318.410 184.000
318.710 183.250
319.010 183.000
319.310 183.250
319.610 183.000
319.910 182.000
320.210 182.000
320.510 181.750
320.810 181.750
321.110 181.500
321.410 181.250
321.710 181.250
322.010 180.500
322.310 180.250
322.610 180.000
322.910 179.750
323.210 179.750
323.510 179.000
323.810 179.250
324.110 178.500
324.410 178.250
324.710 178.500
325.010 178.250
325.310 177.500
325.610 177.500
325.910 177.500
326.210 176.750
326.510 177.000
326.810 176.750
327.110 176.000
327.410 176.250
327.710 175.750
328.010 175.500
328.310 175.250
328.610 175.250
328.910 175.000
329.210 174.750
329.510 174.500
329.810 174.000
330.110 174.000
330.410 173.500
330.710 173.250
331.010 172.500
331.310 172.750
331.610 172.750
331.910 171.750
332.210 172.000
332.510 171.250
332.810 171.000
333.110 171.250
333.410 171.000
333.710 170.750
334.010 170.500
334.310 170.250
334.610 169.750
334.910 169.250
335.210 169.250
335.510 168.750
335.810 169.250
336.110 168.750
336.410 168.750
336.710 168.250
337.010 167.250
337.310 167.750
337.610 167.250
337.910 167.250
338.210 167.250
338.510 167.000
338.810 166.750
339.110 166.250
339.410 165.750
339.710 166.000
340.010 166.000
340.310 165.500
340.610 165.250
340.910 164.750
341.210 164.500
341.510 164.500
341.810 164.250
342.110 164.000
342.410 163.750
342.710 163.750
343.010 163.500
343.310 162.750
343.610 163.000
343.910 162.250
344.210 162.250
344.510 162.000
344.810 161.750
345.110 161.750
345.410 161.500
345.710 161.000
346.010 161.000
346.310 161.000
346.610 160.000
346.910 160.500
347.210 159.750
347.510 160.000
347.810 160.000
348.110 159.250
348.410 159.000
348.710 159.250
349.010 158.500
349.310 158.250
349.610 158.500
349.910 158.250
350.210 158.000
350.510 157.250
350.810 157.250
351.110 157.000
351.410 157.000
351.710 156.750
352.010 156.500
352.310 156.000
352.610 156.000
352.910 155.750
353.210 155.000
353.510 155.250
353.810 155.000
354.110 154.750
354.410 154.500
354.710 154.250
355.010 154.000
355.310 154.000
355.610 153.500
355.910 153.000
356.210 152.750
356.510 153.250
356.810 152.500
357.110 152.500
357.410 152.250
357.710 152.000
358.010 151.500
358.310 151.500
358.610 151.000
358.910 151.000
359.210 151.000
359.510 150.500
359.810 150.000
360.110 150.250
360.410 149.750
360.710 149.750
361.010 149.750
361.310 149.500
361.610 149.000
361.910 149.250
362.210 148.500
362.510 148.500
362.810 147.500
363.110 147.750
363.410 147.250
363.710 147.250
364.010 147.500
364.310 147.250
364.610 146.750
364.910 146.500
365.210 146.500
365.510 146.250
365.810 146.000
366.110 145.500
366.410 145.500
366.710 145.250
367.010 145.250
367.310 144.500
367.610 145.000
367.910 144.750
368.210 144.000
368.510 143.750
368.810 143.500
369.110 143.750
369.410 143.500
369.710 143.750
370.010 143.000
370.310 142.750
370.610 142.750
370.910 142.500
371.210 142.500
371.510 142.000
371.810 141.500
372.110 141.250
372.410 141.500
372.710 141.250
373.010 141.000
373.310 140.750
373.610 140.500
373.910 140.250
374.210 140.500
374.510 139.750
374.810 139.750
375.110 139.000
375.410 138.750
375.710 139.250
376.010 138.750
376.310 138.500
376.610 138.000
376.910 138.250
377.210 138.250
377.510 137.750
377.810 138.000
378.110 137.500
378.410 137.250
378.710 136.500
379.010 136.500
379.310 136.750
379.610 136.500
379.910 136.500
380.210 136.000
380.510 135.500
380.810 135.750
381.110 135.500
381.410 135.750
381.710 135.000
382.010 134.750
382.310 135.000
382.610 134.250
382.910 134.000
383.210 134.000
383.510 134.250
383.810 133.750
384.110 134.000
384.410 133.250
384.710 132.750
385.010 133.250
385.310 132.500
385.610 133.000
385.910 132.250
386.210 131.750
386.510 132.000
386.810 131.750
387.110 131.500
387.410 131.500
387.710 131.000
388.010 131.250
388.310 130.750
388.610 130.750
388.910 131.000
389.210 130.500
389.510 130.250
389.810 130.250
390.110 130.000
390.410 129.500
390.710 129.750
391.010 129.500
391.310 129.500
391.610 129.000
391.910 129.000
392.210 128.750
392.510 128.500
392.810 128.500
393.110 128.500
393.410 128.000
393.710 128.250
394.010 127.750
394.310 127.750
394.610 128.000
394.910 127.250
395.210 126.750
395.510 126.750
395.810 127.000
396.110 126.250
396.410 126.750
396.710 126.500
397.010 126.000
397.310 126.500
397.610 126.250
397.910 125.750
398.210 125.750
398.510 125.250
398.810 125.500
399.110 125.000
399.410 125.000
399.710 124.750
400.010 124.250
400.310 124.500
400.610 124.500
400.910 124.000
401.210 123.750
401.510 124.000
401.810 123.500
402.110 123.250
402.410 123.250
402.710 122.750
403.010 122.500
403.310 122.750
403.610 122.750
403.910 122.750
404.210 122.250
404.510 121.500
404.810 121.750
405.110 122.000
405.410 121.750
405.710 121.250
406.010 121.250
406.310 121.250
406.610 121.250
406.910 121.000
407.210 120.250
407.510 120.250
407.810 120.250
408.110 120.250
408.410 120.000
408.710 120.000
409.010 119.250
409.310 119.250
409.610 119.250
409.910 119.250
410.210 118.750
410.510 119.000
410.810 118.250
411.110 118.500
411.410 118.250
411.710 118.000
412.010 117.750
412.310 118.000
412.610 117.500
412.910 117.500
413.210 116.750
413.510 117.500
413.810 117.000
414.110 116.750
414.410 116.750
414.710 116.000
415.010 116.250
415.310 115.750
415.610 116.250
415.910 116.000
416.210 116.000
416.510 115.500
416.810 114.750
417.110 115.250
417.410 115.000
417.710 115.000
418.010 115.000
418.310 114.750
418.610 115.000
418.910 114.500
419.210 114.250
419.510 114.000
419.810 113.750
420.110 113.750
420.410 113.750
420.710 113.250
421.010 113.500
421.310 113.250
421.610 113.000
421.910 113.250
422.210 113.000
422.510 112.500
422.810 112.500
423.110 112.500
423.410 112.250
423.710 112.000
424.010 112.000
424.310 112.000
424.610 111.250
424.910 111.750
425.210 111.250
425.510 111.000
425.810 111.000
426.110 111.000
426.410 111.250
426.710 111.000
427.010 110.750
427.310 110.500
427.610 110.250
427.910 110.250
428.210 109.750
428.510 110.000
428.810 109.750
429.110 109.250
429.410 109.250
429.710 109.250
430.010 109.000
430.310 108.750
430.610 109.000
430.910 108.500
431.210 108.500
431.510 108.750
431.810 108.500
432.110 108.250
432.410 107.750
432.710 107.750
433.010 107.750
433.310 107.750
433.610 107.750
433.910 107.500
434.210 107.500
434.510 106.750
434.810 107.000
435.110 107.000
435.410 106.750
435.710 106.750
436.010 106.500
436.310 106.250
436.610 106.250
436.910 106.000
437.210 105.750
437.510 105.750
437.810 105.750
438.110 105.500
438.410 105.250
438.710 105.250
439.010 104.500
439.310 104.750
439.610 104.500
439.910 104.750
440.210 104.500
440.510 104.500
440.810 104.250
441.110 103.500
441.410 103.750
441.710 103.250
442.010 103.750
442.310 103.750
442.610 102.750
442.910 103.000
443.210 103.250
443.510 103.250
443.810 102.250
444.110 102.000
444.410 102.250
444.710 102.500
445.010 102.250
445.310 102.500
445.610 102.000
445.910 102.000
446.210 102.000
446.510 101.750
446.810 101.750
447.110 101.500
447.410 101.250
447.710 101.000
448.010 100.500
448.310 101.000
448.610 100.500
448.910 100.250
449.210 100.750
449.510 101.000
449.810 100.250
450.110 99.500
450.410 100.000
450.710 100.000
451.010 99.500
451.310 99.500
451.610 99.750
451.910 99.500
452.210 99.250
452.510 98.500
452.810 99.000
453.110 98.750
453.410 98.500
453.710 98.750
454.010 98.500
454.310 98.250
454.610 98.750
454.910 98.250
455.210 98.000
455.510 98.250
455.810 98.000
456.110 97.500
456.410 97.500
456.710 97.500
457.010 97.500
457.310 97.500
457.610 97.250
457.910 97.250
458.210 96.750
458.510 97.000
458.810 96.250
459.110 97.000
459.410 96.250
459.710 95.750
460.010 96.250
460.310 96.000
460.610 96.000
460.910 96.250
461.210 95.500
461.510 96.000
461.810 95.500
462.110 95.000
462.410 95.750
462.710 95.000
463.010 95.000
463.310 94.500
463.610 95.250
463.910 95.000
464.210 95.000
464.510 94.250
464.810 94.500
465.110 94.250
465.410 94.000
465.710 93.750
466.010 93.750
466.310 93.750
466.610 94.000
466.910 93.750
467.210 93.750
467.510 93.250
467.810 93.000
468.110 93.000
468.410 93.000
468.710 93.250
469.010 93.000
469.310 92.750
469.610 93.000
469.910 92.750
470.210 92.250
470.510 92.500
470.810 92.500
471.110 92.000
471.410 92.000
471.710 91.750
472.010 91.750
472.310 91.750
472.610 91.500
472.910 91.500
473.210 91.500
473.510 91.250
473.810 91.250
474.110 91.250
474.410 90.750
474.710 91.000
475.010 90.750
475.310 91.000
475.610 90.750
475.910 90.500
476.210 90.250
476.510 90.250
476.810 90.250
477.110 89.750
477.410 89.500
477.710 89.750
478.010 89.750
478.310 89.250
478.610 89.500
478.910 89.250
479.210 89.250
479.510 89.250
479.810 88.500
480.110 88.750
480.410 88.250
480.710 88.750
481.010 88.500
481.310 88.750
481.610 88.250
481.910 88.000
482.210 88.250
482.510 88.000
482.810 88.000
483.110 88.000
483.410 87.750
483.710 87.750
484.010 87.500
484.310 87.500
484.610 87.250
484.910 87.250
485.210 87.000
485.510 87.000
485.810 86.250
486.110 86.750
486.410 86.500
486.710 86.500
487.010 86.000
487.310 86.250
487.610 85.750
487.910 85.750
488.210 86.250
488.510 86.000
488.810 86.000
489.110 85.750
489.410 85.000
489.710 85.500
490.010 85.000
490.310 85.500
490.610 85.000
490.910 84.500
491.210 85.250
491.510 85.000
491.810 85.000
492.110 84.250
492.410 84.750
492.710 84.750
493.010 84.500
493.310 84.250
493.610 84.250
493.910 84.250
494.210 84.250
494.510 84.000
494.810 83.750
495.110 83.750
495.410 83.750
495.710 83.250
496.010 83.000
496.310 83.500
496.610 83.250
496.910 83.000
497.210 82.750
497.510 82.500
497.810 82.250
498.110 82.750
498.410 82.250
498.710 82.500
499.010 82.250
499.310 81.750
499.610 82.500
499.910 82.250
500.210 81.500
500.510 82.250
500.810 81.500
501.110 81.750
501.410 82.000
501.710 81.500
502.010 81.500
502.310 81.250
502.610 81.250
502.910 81.250
503.210 81.250
503.510 81.000
503.810 81.000
504.110 81.000
504.410 80.750
504.710 80.250
505.010 80.750
505.310 80.500
505.610 80.250
505.910 80.500
506.210 80.250
506.510 80.000
506.810 79.750
507.110 80.000
507.410 79.500
507.710 79.500
508.010 79.750
508.310 79.500
508.610 79.500
508.910 79.000
509.210 79.250
509.510 79.250
509.810 78.750
510.110 79.000
510.410 79.000
510.710 79.000
511.010 78.500
511.310 78.500
511.610 78.500
511.910 78.500
512.210 78.500
512.510 78.500
512.810 78.250
513.110 78.250
513.410 78.250
513.710 78.250
514.010 77.750
514.310 78.000
514.610 77.500
514.910 77.250
515.210 77.500
515.510 77.000
515.810 77.750
516.110 77.250
516.410 76.500
516.710 77.000
517.010 76.750
517.310 76.250
517.610 77.000
517.910 76.500
518.210 76.750
518.510 76.750
518.810 76.500
519.110 76.500
519.410 76.250
519.710 76.000
520.010 76.250
520.310 75.750
520.610 76.250
520.910 76.000
521.210 75.750
521.510 75.750
521.810 75.750
522.110 75.750
522.410 75.750
522.710 75.750
523.010 75.500
523.310 75.500
523.610 75.250
523.910 75.000
524.210 74.750
524.510 75.000
524.810 74.250
525.110 74.750
525.410 74.750
525.710 74.750
526.010 74.500
526.310 74.250
526.610 74.500
526.910 74.250
527.210 74.250
527.510 74.250
527.810 73.750
528.110 74.000
528.410 74.000
528.710 73.750
529.010 73.250
529.310 73.750
529.610 73.250
529.910 73.500
530.210 73.250
530.510 73.750
530.810 73.500
531.110 73.500
531.410 73.000
531.710 73.000
532.010 73.000
532.310 72.750
532.610 72.500
532.910 72.750
533.210 72.500
533.510 72.500
533.810 72.750
534.110 72.250
534.410 72.250
534.710 72.250
535.010 72.000
535.310 72.250
535.610 72.250
535.910 71.750
536.210 71.500
536.510 71.750
536.810 71.500
537.110 72.000
537.410 71.000
537.710 70.750
538.010 71.500
538.310 71.000
538.610 71.000
538.910 71.250
539.210 70.750
539.510 71.000
539.810 70.750
540.110 71.000
540.410 70.750
540.710 70.750
541.010 70.250
541.310 70.750
541.610 70.000
541.910 70.500
542.210 70.500
542.510 70.250
542.810 70.250
543.110 70.000
543.410 70.250
543.710 69.750
544.010 69.750
544.310 69.750
544.610 69.750
544.910 69.500
545.210 69.500
545.510 69.500
545.810 69.250
546.110 69.500
546.410 69.250
546.710 69.250
547.010 69.000
547.310 68.750
547.610 69.250
547.910 69.000
548.210 68.750
548.510 68.500
548.810 68.750
549.110 68.500
549.410 68.500
549.710 68.500
550.010 68.750
550.310 68.500
550.610 68.000
550.910 68.000
551.210 67.500
551.510 68.750
551.810 67.750
552.110 68.000
552.410 67.750
552.710 67.500
553.010 67.750
553.310 67.750
553.610 67.750
553.910 67.500
554.210 67.000
554.510 67.250
554.810 67.000
555.110 67.000
555.410 67.000
555.710 67.250
556.010 67.000
556.310 66.750
556.610 66.750
556.910 66.750
557.210 67.000
557.510 66.500
557.810 66.250
558.110 66.500
558.410 66.500
558.710 66.500
559.010 66.250
559.310 66.250
559.610 66.250
559.910 65.750
560.210 65.500
560.510 66.000
560.810 65.500
561.110 65.750
561.410 65.750
561.710 65.750
562.010 65.750
562.310 65.750
562.610 65.250
562.910 65.250
563.210 65.250
563.510 65.250
563.810 65.250
564.110 65.250
564.410 65.250
564.710 64.750
565.010 64.750
565.310 65.250
565.610 65.000
565.910 65.000
566.210 64.500
566.510 64.250
566.810 64.500
567.110 64.500
567.410 64.250
567.710 64.500
568.010 64.500
568.310 64.250
568.610 64.250
568.910 63.500
569.210 64.500
569.510 64.250
569.810 63.500
570.110 64.000
570.410 64.250
570.710 64.000
571.010 63.750
571.310 63.500
571.610 63.750
571.910 63.500
572.210 63.250
572.510 63.250
572.810 63.750
573.110 63.250
573.410 63.250
573.710 62.500
574.010 63.000
574.310 63.500
574.610 63.000
574.910 62.000
575.210 62.750
575.510 63.250
575.810 63.000
576.110 62.500
576.410 63.000
576.710 62.250
577.010 62.750
577.310 62.000
577.610 62.750
577.910 62.250
578.210 62.500
578.510 62.000
578.810 62.000
579.110 62.000
579.410 62.000
579.710 62.000
580.010 61.500
580.310 62.000
580.610 62.000
580.910 61.750
581.210 61.750
581.510 61.750
581.810 61.500
582.110 61.500
582.410 61.500
582.710 61.250
583.010 61.000
583.310 61.250
583.610 61.000
583.910 61.000
584.210 61.000
584.510 61.250
584.810 61.000
585.110 61.000
585.410 60.750
585.710 60.750
586.010 60.750
586.310 60.750
586.610 60.000
586.910 60.750
587.210 60.750
587.510 60.750
587.810 60.500
588.110 60.500
588.410 60.500
588.710 60.250
589.010 60.000
589.310 60.250
589.610 59.750
589.910 60.250
590.210 60.250
590.510 60.000
590.810 60.000
591.110 59.750
591.410 59.500
591.710 59.750
592.010 59.000
592.310 59.500
592.610 59.250
592.910 59.500
593.210 59.500
593.510 59.250
593.810 59.000
594.110 59.500
594.410 59.000
594.710 59.250
595.010 58.750
595.310 59.250
595.610 58.750
595.910 58.250
596.210 58.500
596.510 58.750
596.810 58.500
597.110 58.500
597.410 58.500
597.710 58.250
598.010 58.750
598.310 58.500
598.610 58.250
598.910 58.500
599.210 58.500
599.510 58.250
599.810 58.250
600.110 58.000
600.410 58.000
600.710 58.000
601.010 57.750
601.310 58.000
601.610 58.000
601.910 57.750
602.210 57.750
602.510 57.750
602.810 57.500
603.110 57.750
603.410 57.250
603.710 57.000
604.010 57.500
604.310 57.000
604.610 57.250
604.910 57.000
605.210 57.000
605.510 56.750
605.810 57.250
606.110 57.000
606.410 57.000
606.710 56.750
607.010 57.000
607.310 57.000
607.610 57.000
607.910 56.250
608.210 56.750
608.510 56.250
608.810 56.000
609.110 56.750
609.410 56.250
609.710 56.250
610.010 56.000
610.310 55.750
610.610 56.500
610.910 56.500
611.210 56.500
611.510 56.500
611.810 55.750
612.110 55.750
612.410 56.250
612.710 56.250
613.010 55.500
613.310 55.750
613.610 56.000
613.910 55.500
614.210 55.250
614.510 55.750
614.810 55.750
615.110 55.500
615.410 55.500
615.710 55.750
616.010 55.000
616.310 55.500
616.610 55.000
616.910 55.250
617.210 55.000
617.510 55.000
617.810 55.250
618.110 55.250
618.410 55.250
618.710 55.250
619.010 54.500
619.310 54.750
619.610 54.750
619.910 55.000
620.210 54.500
620.510 55.000
620.810 54.750
621.110 54.500
621.410 54.750
621.710 54.500
622.010 54.500
622.310 54.500
622.610 54.750
622.910 53.750
623.210 54.500
623.510 54.000
623.810 54.250
624.110 54.000
624.410 54.250
624.710 54.250
625.010 53.500
625.310 54.000
625.610 54.250
625.910 53.750
626.210 54.000
626.510 54.000
626.810 53.250
627.110 53.750
627.410 53.250
627.710 53.750
628.010 53.750
628.310 53.500
628.610 53.250
628.910 53.750
629.210 53.500
629.510 52.750
629.810 53.000
630.110 52.500
630.410 53.000
630.710 53.000
631.010 53.000
631.310 53.500
631.610 53.250
631.910 53.250
632.210 52.500
632.510 53.500
632.810 52.750
633.110 52.250
633.410 53.250
633.710 53.000
634.010 52.750
634.310 52.500
634.610 52.250
634.910 52.750
635.210 52.500
635.510 52.750
635.810 52.750
636.110 52.250
636.410 52.750
636.710 52.000
637.010 51.750
637.310 52.000
637.610 52.500
637.910 51.500
638.210 52.250
638.510 52.000
638.810 52.000
639.110 52.000
639.410 52.000
639.710 52.250
640.010 51.750
640.310 51.750
640.610 51.750
640.910 51.500
641.210 51.250
641.510 51.500
641.810 51.750
642.110 51.250
642.410 51.500
642.710 51.000
643.010 50.750
643.310 51.000
643.610 51.000
643.910 51.250
644.210 51.250
644.510 51.250
644.810 51.250
645.110 50.750
645.410 51.000
645.710 51.000
646.010 51.000
646.310 50.750
646.610 50.000
646.910 51.000
647.210 51.000
647.510 50.750
647.810 50.750
648.110 50.750
648.410 50.000
648.710 50.500
649.010 50.750
649.310 50.750
649.610 50.750
649.910 50.750
650.210 50.250
650.510 50.250
650.810 50.500
651.110 50.250
651.410 50.250
651.710 49.750
652.010 49.750
652.310 50.250
652.610 50.250
652.910 50.000
653.210 50.000
653.510 49.500
653.810 49.500
654.110 49.250
654.410 50.250
654.710 49.500
655.010 49.500
655.310 49.500
655.610 49.750
655.910 49.500
656.210 49.500
656.510 49.500
656.810 49.250
657.110 49.250
657.410 49.250
657.710 49.500
658.010 49.500
658.310 49.500
658.610 49.250
658.910 48.500
659.210 48.750
659.510 49.250
659.810 49.000
660.110 48.750
660.410 49.000
660.710 49.250
661.010 49.250
661.310 49.000
661.610 48.500
661.910 49.000
662.210 48.750
662.510 48.500
662.810 48.750
663.110 48.750
663.410 48.750
663.710 48.750
664.010 48.500
664.310 48.250
664.610 48.250
664.910 48.250
665.210 48.500
665.510 48.250
665.810 48.250
666.110 48.000
666.410 48.500
666.710 47.750
667.010 48.250
667.310 48.250
667.610 48.000
667.910 48.250
668.210 47.750
668.510 48.250
668.810 47.500
669.110 48.000
669.410 48.000
669.710 47.000
670.010 48.000
670.310 48.000
670.610 47.500
670.910 47.750
671.210 48.000
671.510 47.500
671.810 47.250
672.110 46.750
672.410 47.500
672.710 47.500
673.010 47.500
673.310 47.000
673.610 47.000
673.910 47.250
674.210 47.250
674.510 46.750
674.810 47.500
675.110 47.250
675.410 47.250
675.710 46.750
676.010 46.750
676.310 47.250
676.610 47.250
676.910 47.000
677.210 46.750
677.510 46.750
677.810 46.750
678.110 46.750
678.410 46.250
678.710 46.250
679.010 47.000
679.310 46.250
679.610 46.000
679.910 46.250
680.210 46.750
680.510 46.250
680.810 46.250
681.110 46.000
681.410 46.500
681.710 45.750
682.010 46.500
682.310 46.000
682.610 46.250
682.910 46.250
683.210 46.250
683.510 46.250
683.810 46.250
684.110 45.750
684.410 46.250
684.710 46.000
685.010 46.000
685.310 45.750
685.610 46.250
685.910 45.500
686.210 45.750
686.510 45.750
686.810 45.500
687.110 45.750
687.410 45.750
687.710 46.000
688.010 45.750
688.310 45.250
688.610 45.500
688.910 45.750
689.210 45.500
689.510 45.250
689.810 45.250
690.110 44.750
690.410 44.750
690.710 45.500
691.010 45.500
691.310 45.000
691.610 45.250
691.910 45.250
692.210 45.000
692.510 44.750
692.810 45.250
693.110 45.000
693.410 45.000
693.710 44.750
694.010 44.750
694.310 45.250
694.610 44.500
694.910 44.500
695.210 44.750
695.510 44.750
695.810 44.500
696.110 44.750
696.410 44.750
696.710 44.750
697.010 44.500
697.310 44.500
697.610 44.500
697.910 44.000
698.210 44.750
698.510 44.500
698.810 44.250
699.110 44.250
699.410 44.250
699.710 44.000
700.010 44.250
700.310 44.500
700.610 44.250
700.910 44.500
701.210 44.500
701.510 43.750
701.810 43.750
702.110 43.750
702.410 44.000
702.710 44.000
703.010 43.500
703.310 43.750
703.610 44.000
703.910 43.750
704.210 43.750
704.510 43.750
704.810 43.750
705.110 44.000
705.410 43.750
705.710 43.500
706.010 44.000
706.310 43.750
706.610 43.750
706.910 44.000
707.210 43.250
707.510 43.750
707.810 43.000
708.110 43.500
708.410 43.500
708.710 43.500
709.010 43.500
709.310 43.250
709.610 42.750
709.910 43.000
710.210 43.000
710.510 43.250
710.810 43.000
711.110 43.000
711.410 43.500
711.710 43.250
712.010 43.000
712.310 43.000
712.610 43.000
712.910 43.000
713.210 43.000
713.510 42.750
713.810 43.000
714.110 42.750
714.410 43.000
714.710 42.750
715.010 42.750
715.310 42.000
715.610 42.750
715.910 42.750
716.210 42.250
716.510 42.500
716.810 42.250
717.110 42.500
717.410 42.750
717.710 42.250
718.010 42.750
718.310 42.500
718.610 42.000
718.910 42.500
719.210 42.250
719.510 42.250
719.810 42.000
720.110 41.750
720.410 42.250
720.710 42.000
721.010 41.750
phase heatup start: 0
phase overshoot start: 383
phase cooldown start: 466
phase heatup_fan start: 1954
phase done start: 1958
